Year Mon Day Value
2006 1 3 1.7404
2006 1 4 1.7588
2006 1 5 1.7566
2006 1 6 1.7697
2006 1 9 1.7645
2006 1 10 1.7645
2006 1 11 1.7643
2006 1 12 1.7612
2006 1 13 1.7715
2006 1 17 1.7628
2006 1 18 1.7622
2006 1 19 1.7618
2006 1 20 1.7663
2006 1 23 1.7842
2006 1 24 1.7885
2006 1 25 1.7874
2006 1 26 1.783
2006 1 27 1.7733
2006 1 30 1.7688
2006 1 31 1.782
2006 2 1 1.7781
2006 2 2 1.7807
2006 2 3 1.7626
2006 2 6 1.7462
2006 2 7 1.7444
2006 2 8 1.7405
2006 2 9 1.7411
2006 2 10 1.7454
2006 2 13 1.7438
2006 2 14 1.7343
2006 2 15 1.7401
2006 2 16 1.7354
2006 2 17 1.7403
2006 2 21 1.7447
2006 2 22 1.7425
2006 2 23 1.7522
2006 2 24 1.7448
2006 2 27 1.7409
2006 2 28 1.7539
2006 3 1 1.7473
2006 3 2 1.7493
2006 3 3 1.7531
2006 3 6 1.7492
2006 3 7 1.7362
2006 3 8 1.7359
2006 3 9 1.7366
2006 3 10 1.7256
2006 3 13 1.731
2006 3 14 1.7479
2006 3 15 1.746
2006 3 16 1.7552
2006 3 17 1.7567
2006 3 20 1.7563
2006 3 21 1.7459
2006 3 22 1.7483
2006 3 23 1.7367
2006 3 24 1.7427
2006 3 27 1.747
2006 3 28 1.7497
2006 3 29 1.7356
2006 3 30 1.7448
2006 3 31 1.7393
2006 4 3 1.7389
2006 4 4 1.7559
2006 4 5 1.7497
2006 4 6 1.7504
2006 4 7 1.7407
2006 4 10 1.7405
2006 4 11 1.7467
2006 4 12 1.7508
2006 4 13 1.7529
2006 4 14 1.751
2006 4 17 1.7716
2006 4 18 1.7762
2006 4 19 1.7895
2006 4 20 1.7801
2006 4 21 1.7817
2006 4 24 1.7839
2006 4 25 1.7876
2006 4 26 1.7897
2006 4 27 1.8011
2006 4 28 1.822
2006 5 1 1.8286
2006 5 2 1.8397
2006 5 3 1.8446
2006 5 4 1.8485
2006 5 5 1.8588
2006 5 8 1.8584
2006 5 9 1.8632
2006 5 10 1.8648
2006 5 11 1.8842
2006 5 12 1.8911
2006 5 15 1.8836
2006 5 16 1.8819
2006 5 17 1.882
2006 5 18 1.8878
2006 5 19 1.8755
2006 5 22 1.8861
2006 5 23 1.8809
2006 5 24 1.8678
2006 5 25 1.8719
2006 5 26 1.8566
2006 5 30 1.8825
2006 5 31 1.8732
2006 6 1 1.8686
2006 6 2 1.8817
2006 6 5 1.8786
2006 6 6 1.8608
2006 6 7 1.8585
2006 6 8 1.8425
2006 6 9 1.8426
2006 6 12 1.844
2006 6 13 1.8398
2006 6 14 1.8491
2006 6 15 1.8477
2006 6 16 1.8484
2006 6 19 1.8401
2006 6 20 1.8399
2006 6 21 1.846
2006 6 22 1.8306
2006 6 23 1.8204
2006 6 26 1.819
2006 6 27 1.8237
2006 6 28 1.8159
2006 6 29 1.8108
2006 6 30 1.8491
2006 7 3 1.841
2006 7 5 1.8342
2006 7 6 1.8376
2006 7 7 1.8513
2006 7 10 1.842
2006 7 11 1.8431
2006 7 12 1.8347
2006 7 13 1.8404
2006 7 14 1.8364
2006 7 17 1.8203
2006 7 18 1.8271
2006 7 19 1.8377
2006 7 20 1.8495
2006 7 21 1.8586
2006 7 24 1.8492
2006 7 25 1.8407
2006 7 26 1.8474
2006 7 27 1.8627
2006 7 28 1.8645
2006 7 31 1.8685
2006 8 1 1.8711
2006 8 2 1.8781
2006 8 3 1.8847
2006 8 4 1.9098
2006 8 7 1.9102
2006 8 8 1.9077
2006 8 9 1.9089
2006 8 10 1.8888
2006 8 11 1.8952
2006 8 14 1.8902
2006 8 15 1.8948
2006 8 16 1.8999
2006 8 17 1.894
2006 8 18 1.8808
2006 8 21 1.8968
2006 8 22 1.8881
2006 8 23 1.8929
2006 8 24 1.8884
2006 8 25 1.8884
2006 8 28 1.8968
2006 8 29 1.8914
2006 8 30 1.9042
2006 8 31 1.9024
2006 9 1 1.905
2006 9 5 1.8926
2006 9 6 1.881
2006 9 7 1.8763
2006 9 8 1.8655
2006 9 11 1.863
2006 9 12 1.8747
2006 9 13 1.8767
2006 9 14 1.8886
2006 9 15 1.8783
2006 9 18 1.8773
2006 9 19 1.8828
2006 9 20 1.8894
2006 9 21 1.897
2006 9 22 1.9012
2006 9 25 1.9001
2006 9 26 1.8954
2006 9 27 1.8866
2006 9 28 1.8746
2006 9 29 1.8716
2006 10 2 1.8861
2006 10 3 1.8873
2006 10 4 1.8839
2006 10 5 1.8772
2006 10 6 1.8712
2006 10 10 1.8548
2006 10 11 1.8568
2006 10 12 1.8558
2006 10 13 1.8551
2006 10 16 1.8606
2006 10 17 1.8734
2006 10 18 1.8675
2006 10 19 1.876
2006 10 20 1.8828
2006 10 23 1.871
2006 10 24 1.8745
2006 10 25 1.8772
2006 10 26 1.8876
2006 10 27 1.8968
2006 10 30 1.9025
2006 10 31 1.9084
2006 11 1 1.9091
2006 11 2 1.9088
2006 11 3 1.9011
2006 11 6 1.8967
2006 11 7 1.9098
2006 11 8 1.9057
2006 11 9 1.9067
2006 11 10 1.912
2006 11 13 1.9024
2006 11 14 1.8946
2006 11 15 1.8883
2006 11 16 1.8902
2006 11 17 1.8936
2006 11 20 1.8963
2006 11 21 1.8984
2006 11 22 1.9145
2006 11 24 1.9315
2006 11 27 1.9368
2006 11 28 1.948
2006 11 29 1.9492
2006 11 30 1.9693
2006 12 1 1.9794
2006 12 4 1.9788
2006 12 5 1.9746
2006 12 6 1.9692
2006 12 7 1.9628
2006 12 8 1.9564
2006 12 11 1.9552
2006 12 12 1.9655
2006 12 13 1.9663
2006 12 14 1.9646
2006 12 15 1.9538
2006 12 18 1.9458
2006 12 19 1.9666
2006 12 20 1.9648
2006 12 21 1.9622
2006 12 22 1.957
2006 12 26 1.9568
2006 12 27 1.9566
2006 12 28 1.9621
2006 12 29 1.9586
2007 1 2 1.9736
2007 1 3 1.9498
2007 1 4 1.9443
2007 1 5 1.9305
2007 1 8 1.9385
2007 1 9 1.94
2007 1 10 1.9334
2007 1 11 1.9439
2007 1 12 1.9577
2007 1 16 1.9605
2007 1 17 1.972
2007 1 18 1.9715
2007 1 19 1.9759
2007 1 22 1.9772
2007 1 23 1.9847
2007 1 24 1.9675
2007 1 25 1.9703
2007 1 26 1.9598
2007 1 29 1.9592
2007 1 30 1.9617
2007 1 31 1.9611
2007 2 1 1.9686
2007 2 2 1.9662
2007 2 5 1.96
2007 2 6 1.9693
2007 2 7 1.9699
2007 2 8 1.9586
2007 2 9 1.9512
2007 2 12 1.9474
2007 2 13 1.9443
2007 2 14 1.9628
2007 2 15 1.9532
2007 2 16 1.9499
2007 2 20 1.9547
2007 2 21 1.9524
2007 2 22 1.9571
2007 2 23 1.9639
2007 2 26 1.9631
2007 2 27 1.9661
2007 2 28 1.9613
2007 3 1 1.9579
2007 3 2 1.9458
2007 3 5 1.9235
2007 3 6 1.927
2007 3 7 1.9315
2007 3 8 1.93
2007 3 9 1.9318
2007 3 12 1.9291
2007 3 13 1.9322
2007 3 14 1.9337
2007 3 15 1.9365
2007 3 16 1.9423
2007 3 19 1.946
2007 3 20 1.958
2007 3 21 1.9596
2007 3 22 1.9672
2007 3 23 1.9632
2007 3 26 1.9694
2007 3 27 1.9664
2007 3 28 1.9611
2007 3 29 1.9627
2007 3 30 1.9685
2007 4 2 1.9786
2007 4 3 1.9781
2007 4 4 1.9756
2007 4 5 1.9708
2007 4 6 1.9655
2007 4 9 1.9608
2007 4 10 1.9718
2007 4 11 1.9786
2007 4 12 1.9769
2007 4 13 1.9829
2007 4 16 1.9907
2007 4 17 2.0061
2007 4 18 2.0041
2007 4 19 2.0029
2007 4 20 2.0047
2007 4 23 2.0017
2007 4 24 2.0028
2007 4 25 2.0042
2007 4 26 1.9903
2007 4 27 1.9985
2007 4 30 2
2007 5 1 1.9993
2007 5 2 1.991
2007 5 3 1.9878
2007 5 4 1.9931
2007 5 7 1.9944
2007 5 8 1.9902
2007 5 9 1.9963
2007 5 10 1.9833
2007 5 11 1.9824
2007 5 14 1.9803
2007 5 15 1.9862
2007 5 16 1.9774
2007 5 17 1.9748
2007 5 18 1.9755
2007 5 21 1.9695
2007 5 22 1.9768
2007 5 23 1.9879
2007 5 24 1.9852
2007 5 25 1.9845
2007 5 29 1.9814
2007 5 30 1.9747
2007 5 31 1.9797
2007 6 1 1.9804
2007 6 4 1.9922
2007 6 5 1.9941
2007 6 6 1.9915
2007 6 7 1.9798
2007 6 8 1.9657
2007 6 11 1.9686
2007 6 12 1.975
2007 6 13 1.9728
2007 6 14 1.9696
2007 6 15 1.9765
2007 6 18 1.9822
2007 6 19 1.9884
2007 6 20 1.9937
2007 6 21 1.9924
2007 6 22 1.9975
2007 6 25 1.9962
2007 6 26 1.9997
2007 6 27 1.9965
2007 6 28 2.0022
2007 6 29 2.0063
2007 7 2 2.0161
2007 7 3 2.0168
2007 7 5 2.0114
2007 7 6 2.0119
2007 7 9 2.0166
2007 7 10 2.0248
2007 7 11 2.032
2007 7 12 2.0288
2007 7 13 2.0344
2007 7 16 2.0374
2007 7 17 2.0455
2007 7 18 2.0534
2007 7 19 2.049
2007 7 20 2.0566
2007 7 23 2.0585
2007 7 24 2.0626
2007 7 25 2.0511
2007 7 26 2.0488
2007 7 27 2.029
2007 7 30 2.0238
2007 7 31 2.0364
2007 8 1 2.0309
2007 8 2 2.0346
2007 8 3 2.0426
2007 8 6 2.0293
2007 8 7 2.0202
2007 8 8 2.0368
2007 8 9 2.0271
2007 8 10 2.0219
2007 8 13 2.0123
2007 8 14 2
2007 8 15 1.9923
2007 8 16 1.9829
2007 8 17 1.9828
2007 8 20 1.983
2007 8 21 1.9813
2007 8 22 1.9916
2007 8 23 2.0035
2007 8 24 2.0099
2007 8 27 2.0134
2007 8 28 2.0065
2007 8 29 2.0182
2007 8 30 2.016
2007 8 31 2.0165
2007 9 3 2.0165
2007 9 4 2.0109
2007 9 5 2.0221
2007 9 6 2.0242
2007 9 7 2.0283
2007 9 10 2.0288
2007 9 11 2.0319
2007 9 12 2.0314
2007 9 13 2.0278
2007 9 14 2.0067
2007 9 17 1.992
2007 9 18 1.9973
2007 9 19 1.9983
2007 9 20 2.0132
2007 9 21 2.0208
2007 9 24 2.0222
2007 9 25 2.0169
2007 9 26 2.0159
2007 9 27 2.0235
2007 9 28 2.0389
2007 10 1 2.0436
2007 10 2 2.0417
2007 10 3 2.0369
2007 10 4 2.0392
2007 10 5 2.0436
2007 10 8 2.0436
2007 10 9 2.0331
2007 10 10 2.0432
2007 10 11 2.0342
2007 10 12 2.034
2007 10 15 2.0419
2007 10 16 2.0327
2007 10 17 2.0387
2007 10 18 2.0457
2007 10 19 2.0484
2007 10 22 2.0279
2007 10 23 2.0495
2007 10 24 2.0491
2007 10 25 2.0485
2007 10 26 2.0514
2007 10 29 2.0609
2007 10 30 2.0671
2007 10 31 2.0777
2007 11 1 2.0818
2007 11 2 2.082
2007 11 5 2.0799
2007 11 6 2.0859
2007 11 7 2.1045
2007 11 8 2.1104
2007 11 9 2.0911
2007 11 13 2.0729
2007 11 14 2.0586
2007 11 15 2.0483
2007 11 16 2.048
2007 11 19 2.0478
2007 11 20 2.0652
2007 11 21 2.0585
2007 11 22 2.0585
2007 11 23 2.0564
2007 11 26 2.0681
2007 11 27 2.0653
2007 11 28 2.0688
2007 11 29 2.0642
2007 11 30 2.0567
2007 12 3 2.0658
2007 12 4 2.0577
2007 12 5 2.0288
2007 12 6 2.0289
2007 12 7 2.0289
2007 12 10 2.0457
2007 12 11 2.0387
2007 12 12 2.0494
2007 12 13 2.0395
2007 12 14 2.0197
2007 12 17 2.0168
2007 12 18 2.014
2007 12 19 1.9931
2007 12 20 1.9821
2007 12 21 1.9833
2007 12 24 1.9774
2007 12 26 1.9833
2007 12 27 1.9907
2007 12 28 1.9929
2007 12 31 1.9843
2008 1 2 1.9824
2008 1 3 1.9733
2008 1 4 1.9757
2008 1 7 1.9703
2008 1 8 1.9731
2008 1 9 1.9564
2008 1 10 1.9565
2008 1 11 1.9592
2008 1 14 1.9583
2008 1 15 1.9671
2008 1 16 1.9638
2008 1 17 1.9744
2008 1 18 1.9529
2008 1 22 1.9577
2008 1 23 1.9515
2008 1 24 1.9733
2008 1 25 1.9802
2008 1 28 1.9857
2008 1 29 1.9857
2008 1 30 1.988
2008 1 31 1.9895
2008 2 1 1.9687
2008 2 4 1.9777
2008 2 5 1.9626
2008 2 6 1.9604
2008 2 7 1.942
2008 2 8 1.9473
2008 2 11 1.9486
2008 2 12 1.9622
2008 2 13 1.9618
2008 2 14 1.9708
2008 2 15 1.9613
2008 2 19 1.9511
2008 2 20 1.9405
2008 2 21 1.9614
2008 2 22 1.9668
2008 2 25 1.9668
2008 2 26 1.9747
2008 2 27 1.9923
2008 2 28 1.9879
2008 2 29 1.9864
2008 3 3 1.985
2008 3 4 1.9854
2008 3 5 1.9939
2008 3 6 2.0073
2008 3 7 2.0128
2008 3 10 2.0166
2008 3 11 2.0041
2008 3 12 2.0211
2008 3 13 2.0311
2008 3 14 2.0294
2008 3 17 2.0008
2008 3 18 2.0216
2008 3 19 1.9858
2008 3 20 1.9823
2008 3 21 1.9826
2008 3 24 1.9852
2008 3 25 1.9997
2008 3 26 2.0019
2008 3 27 2.0097
2008 3 28 1.989
2008 3 31 1.9855
2008 4 1 1.9774
2008 4 2 1.9827
2008 4 3 1.9961
2008 4 4 1.9947
2008 4 7 1.9855
2008 4 8 1.969
2008 4 9 1.9726
2008 4 10 1.9742
2008 4 11 1.9707
2008 4 14 1.9816
2008 4 15 1.9627
2008 4 16 1.9756
2008 4 17 1.9908
2008 4 18 1.9965
2008 4 21 1.9813
2008 4 22 1.9994
2008 4 23 1.9786
2008 4 24 1.9716
2008 4 25 1.9833
2008 4 28 1.9908
2008 4 29 1.9747
2008 4 30 1.9847
2008 5 1 1.9749
2008 5 2 1.9756
2008 5 5 1.9679
2008 5 6 1.9747
2008 5 7 1.9522
2008 5 8 1.9543
2008 5 9 1.9486
2008 5 12 1.9616
2008 5 13 1.947
2008 5 14 1.9451
2008 5 15 1.9488
2008 5 16 1.958
2008 5 19 1.9472
2008 5 20 1.9705
2008 5 21 1.9669
2008 5 22 1.9785
2008 5 23 1.9818
2008 5 27 1.9751
2008 5 28 1.9806
2008 5 29 1.9759
2008 5 30 1.9793
2008 6 2 1.9666
2008 6 3 1.965
2008 6 4 1.9548
2008 6 5 1.9563
2008 6 6 1.9695
2008 6 9 1.9758
2008 6 10 1.9543
2008 6 11 1.9646
2008 6 12 1.9467
2008 6 13 1.9496
2008 6 16 1.9637
2008 6 17 1.9544
2008 6 18 1.957
2008 6 19 1.9729
2008 6 20 1.9737
2008 6 23 1.9609
2008 6 24 1.9707
2008 6 25 1.9672
2008 6 26 1.9873
2008 6 27 1.9938
2008 6 30 1.9906
2008 7 1 1.993
2008 7 2 1.9925
2008 7 3 1.9825
2008 7 7 1.9697
2008 7 8 1.9685
2008 7 9 1.9812
2008 7 10 1.9777
2008 7 11 1.9895
2008 7 14 1.9925
2008 7 15 2.0036
2008 7 16 1.9995
2008 7 17 2.0038
2008 7 18 1.9985
2008 7 21 1.9979
2008 7 22 1.9941
2008 7 23 2.0021
2008 7 24 1.9832
2008 7 25 1.988
2008 7 28 1.9943
2008 7 29 1.9805
2008 7 30 1.981
2008 7 31 1.9806
2008 8 1 1.9743
2008 8 4 1.9606
2008 8 5 1.9532
2008 8 6 1.9479
2008 8 7 1.9439
2008 8 8 1.9193
2008 8 11 1.9144
2008 8 12 1.9005
2008 8 13 1.8682
2008 8 14 1.8715
2008 8 15 1.8651
2008 8 18 1.8673
2008 8 19 1.8655
2008 8 20 1.8603
2008 8 21 1.8758
2008 8 22 1.8544
2008 8 25 1.8587
2008 8 26 1.8387
2008 8 27 1.8318
2008 8 28 1.8264
2008 8 29 1.819
2008 9 2 1.7853
2008 9 3 1.7795
2008 9 4 1.7689
2008 9 5 1.7687
2008 9 8 1.7543
2008 9 9 1.7672
2008 9 10 1.7547
2008 9 11 1.7497
2008 9 12 1.7896
2008 9 15 1.7877
2008 9 16 1.7802
2008 9 17 1.7895
2008 9 18 1.8186
2008 9 19 1.8297
2008 9 22 1.8484
2008 9 23 1.8558
2008 9 24 1.8502
2008 9 25 1.8406
2008 9 26 1.84
2008 9 29 1.8044
2008 9 30 1.7804
2008 10 1 1.7804
2008 10 2 1.7655
2008 10 3 1.774
2008 10 6 1.738
2008 10 7 1.7592
2008 10 8 1.731
2008 10 9 1.7225
2008 10 10 1.7037
2008 10 14 1.7482
2008 10 15 1.7432
2008 10 16 1.7243
2008 10 17 1.7307
2008 10 20 1.7134
2008 10 21 1.6837
2008 10 22 1.6174
2008 10 23 1.6181
2008 10 24 1.5631
2008 10 27 1.5472
2008 10 28 1.5591
2008 10 29 1.6298
2008 10 30 1.627
2008 10 31 1.6165
2008 11 3 1.5855
2008 11 4 1.6095
2008 11 5 1.6156
2008 11 6 1.5814
2008 11 7 1.5788
2008 11 10 1.5639
2008 11 12 1.5012
2008 11 13 1.4799
2008 11 14 1.486
2008 11 17 1.503
2008 11 18 1.5042
2008 11 19 1.5095
2008 11 20 1.4789
2008 11 21 1.4816
2008 11 24 1.5177
2008 11 25 1.5349
2008 11 26 1.5218
2008 11 28 1.5348
2008 12 1 1.484
2008 12 2 1.4949
2008 12 3 1.4783
2008 12 4 1.4791
2008 12 5 1.4606
2008 12 8 1.4831
2008 12 9 1.4776
2008 12 10 1.483
2008 12 11 1.4953
2008 12 12 1.4874
2008 12 15 1.5278
2008 12 16 1.532
2008 12 17 1.5457
2008 12 18 1.5103
2008 12 19 1.4854
2008 12 22 1.4805
2008 12 23 1.4761
2008 12 24 1.4673
2008 12 26 1.47
2008 12 29 1.4591
2008 12 30 1.4395
2008 12 31 1.4619
2009 1 2 1.452
2009 1 5 1.4602
2009 1 6 1.4777
2009 1 7 1.5254
2009 1 8 1.519
2009 1 9 1.5239
2009 1 12 1.4827
2009 1 13 1.4528
2009 1 14 1.4617
2009 1 15 1.4602
2009 1 16 1.4737
2009 1 20 1.4023
2009 1 21 1.3728
2009 1 22 1.384
2009 1 23 1.3658
2009 1 26 1.396
2009 1 27 1.4148
2009 1 28 1.4317
2009 1 29 1.4262
2009 1 30 1.4413
2009 2 2 1.4228
2009 2 3 1.4394
2009 2 4 1.4472
2009 2 5 1.4633
2009 2 6 1.4775
2009 2 9 1.4936
2009 2 10 1.4604
2009 2 11 1.4367
2009 2 12 1.4248
2009 2 13 1.4422
2009 2 17 1.4224
2009 2 18 1.4235
2009 2 19 1.4307
2009 2 20 1.4333
2009 2 23 1.4553
2009 2 24 1.4408
2009 2 25 1.4265
2009 2 26 1.4342
2009 2 27 1.4276
2009 3 2 1.3989
2009 3 3 1.4034
2009 3 4 1.4142
2009 3 5 1.4124
2009 3 6 1.411
2009 3 9 1.3757
2009 3 10 1.384
2009 3 11 1.378
2009 3 12 1.3811
2009 3 13 1.3972
2009 3 16 1.4091
2009 3 17 1.4018
2009 3 18 1.3974
2009 3 19 1.4584
2009 3 20 1.4435
2009 3 23 1.4496
2009 3 24 1.473
2009 3 25 1.4585
2009 3 26 1.4497
2009 3 27 1.4325
2009 3 30 1.4148
2009 3 31 1.43
2009 4 1 1.4402
2009 4 2 1.47
2009 4 3 1.4801
2009 4 6 1.4712
2009 4 7 1.4744
2009 4 8 1.4692
2009 4 9 1.4623
2009 4 10 1.4635
2009 4 13 1.4831
2009 4 14 1.4907
2009 4 15 1.499
2009 4 16 1.4909
2009 4 17 1.4778
2009 4 20 1.4532
2009 4 21 1.4688
2009 4 22 1.4496
2009 4 23 1.4635
2009 4 24 1.4697
2009 4 27 1.4678
2009 4 28 1.4607
2009 4 29 1.4802
2009 4 30 1.4799
2009 5 1 1.4881
2009 5 4 1.4985
2009 5 5 1.5099
2009 5 6 1.5063
2009 5 7 1.5019
2009 5 8 1.509
2009 5 11 1.5145
2009 5 12 1.524
2009 5 13 1.5165
2009 5 14 1.5195
2009 5 15 1.5222
2009 5 18 1.5309
2009 5 19 1.5501
2009 5 20 1.567
2009 5 21 1.5763
2009 5 22 1.5892
2009 5 26 1.5938
2009 5 27 1.6068
2009 5 28 1.5956
2009 5 29 1.616
2009 6 1 1.6448
2009 6 2 1.6515
2009 6 3 1.6405
2009 6 4 1.6173
2009 6 5 1.6017
2009 6 8 1.5976
2009 6 9 1.6267
2009 6 10 1.6334
2009 6 11 1.6547
2009 6 12 1.6523
2009 6 15 1.6268
2009 6 16 1.6446
2009 6 17 1.6293
2009 6 18 1.6369
2009 6 19 1.6537
2009 6 22 1.6343
2009 6 23 1.6344
2009 6 24 1.6486
2009 6 25 1.6336
2009 6 26 1.6498
2009 6 29 1.6533
2009 6 30 1.6452
2009 7 1 1.6524
2009 7 2 1.6398
2009 7 3 1.6336
2009 7 6 1.623
2009 7 7 1.6158
2009 7 8 1.6027
2009 7 9 1.6301
2009 7 10 1.6185
2009 7 13 1.6179
2009 7 14 1.6294
2009 7 15 1.6439
2009 7 16 1.6417
2009 7 17 1.633
2009 7 20 1.6494
2009 7 21 1.6419
2009 7 22 1.6439
2009 7 23 1.6562
2009 7 24 1.6432
2009 7 27 1.6486
2009 7 28 1.6477
2009 7 29 1.6379
2009 7 30 1.6483
2009 7 31 1.6713
2009 8 3 1.6956
2009 8 4 1.6932
2009 8 5 1.6977
2009 8 6 1.6774
2009 8 7 1.6669
2009 8 10 1.6487
2009 8 11 1.6501
2009 8 12 1.6538
2009 8 13 1.658
2009 8 14 1.6529
2009 8 17 1.6323
2009 8 18 1.6418
2009 8 19 1.6555
2009 8 20 1.6494
2009 8 21 1.6503
2009 8 24 1.6417
2009 8 25 1.643
2009 8 26 1.6235
2009 8 27 1.6212
2009 8 28 1.6331
2009 8 31 1.6314
2009 9 1 1.6168
2009 9 2 1.6269
2009 9 3 1.6354
2009 9 4 1.6378
2009 9 8 1.6512
2009 9 9 1.6557
2009 9 10 1.6649
2009 9 11 1.6695
2009 9 14 1.6588
2009 9 15 1.6436
2009 9 16 1.6501
2009 9 17 1.6522
2009 9 18 1.6266
2009 9 21 1.6228
2009 9 22 1.638
2009 9 23 1.6404
2009 9 24 1.6068
2009 9 25 1.5967
2009 9 28 1.591
2009 9 29 1.5924
2009 9 30 1.6004
2009 10 1 1.595
2009 10 2 1.5878
2009 10 5 1.5926
2009 10 6 1.5904
2009 10 7 1.5899
2009 10 8 1.609
2009 10 9 1.5896
2009 10 13 1.5896
2009 10 14 1.5974
2009 10 15 1.6249
2009 10 16 1.635
2009 10 19 1.64
2009 10 20 1.638
2009 10 21 1.661
2009 10 22 1.6595
2009 10 23 1.6351
2009 10 26 1.6351
2009 10 27 1.6334
2009 10 28 1.6375
2009 10 29 1.6559
2009 10 30 1.6479
2009 11 2 1.641
2009 11 3 1.6383
2009 11 4 1.6571
2009 11 5 1.6565
2009 11 6 1.6586
2009 11 9 1.6721
2009 11 10 1.6681
2009 11 12 1.6543
2009 11 13 1.6657
2009 11 16 1.6795
2009 11 17 1.6768
2009 11 18 1.6756
2009 11 19 1.6658
2009 11 20 1.6529
2009 11 23 1.6599
2009 11 24 1.6577
2009 11 25 1.6671
2009 11 27 1.6494
2009 11 30 1.6409
2009 12 1 1.6626
2009 12 2 1.6641
2009 12 3 1.6578
2009 12 4 1.6515
2009 12 7 1.6429
2009 12 8 1.6302
2009 12 9 1.6242
2009 12 10 1.6257
2009 12 11 1.6236
2009 12 14 1.6285
2009 12 15 1.6234
2009 12 16 1.6369
2009 12 17 1.6135
2009 12 18 1.6083
2009 12 21 1.6083
2009 12 22 1.5956
2009 12 23 1.5955
2009 12 24 1.5941
2009 12 28 1.6001
2009 12 29 1.5892
2009 12 30 1.605
2009 12 31 1.6167
2010 1 4 1.6109
2010 1 5 1.6009
2010 1 6 1.6016
2010 1 7 1.5912
2010 1 8 1.5993
2010 1 11 1.6146
2010 1 12 1.6181
2010 1 13 1.6288
2010 1 14 1.632
2010 1 15 1.624
2010 1 19 1.637
2010 1 20 1.6287
2010 1 21 1.6214
2010 1 22 1.612
2010 1 25 1.6236
2010 1 26 1.6109
2010 1 27 1.6204
2010 1 28 1.6242
2010 1 29 1.6009
2010 2 1 1.5924
2010 2 2 1.5968
2010 2 3 1.5915
2010 2 4 1.5763
2010 2 5 1.5619
2010 2 8 1.565
2010 2 9 1.5679
2010 2 10 1.5606
2010 2 11 1.5674
2010 2 12 1.5669
2010 2 16 1.5732
2010 2 17 1.5704
2010 2 18 1.5582
2010 2 19 1.5437
2010 2 22 1.5477
2010 2 23 1.5464
2010 2 24 1.5432
2010 2 25 1.5201
2010 2 26 1.5239
2010 3 1 1.4974
2010 3 2 1.494
2010 3 3 1.5124
2010 3 4 1.5031
2010 3 5 1.5115
2010 3 8 1.506
2010 3 9 1.5003
2010 3 10 1.4977
2010 3 11 1.5052
2010 3 12 1.5188
2010 3 15 1.5043
2010 3 16 1.5192
2010 3 17 1.5296
2010 3 18 1.5247
2010 3 19 1.5014
2010 3 22 1.5071
2010 3 23 1.5067
2010 3 24 1.4914
2010 3 25 1.4884
2010 3 26 1.4906
2010 3 29 1.4969
2010 3 30 1.509
2010 3 31 1.5186
2010 4 1 1.529
2010 4 2 1.5197
2010 4 5 1.5284
2010 4 6 1.523
2010 4 7 1.5246
2010 4 8 1.5272
2010 4 9 1.5371
2010 4 12 1.5368
2010 4 13 1.5416
2010 4 14 1.5484
2010 4 15 1.5465
2010 4 16 1.5395
2010 4 19 1.5263
2010 4 20 1.5375
2010 4 21 1.5397
2010 4 22 1.5368
2010 4 23 1.5363
2010 4 26 1.5466
2010 4 27 1.5285
2010 4 28 1.516
2010 4 29 1.5303
2010 4 30 1.5308
2010 5 3 1.5242
2010 5 4 1.5135
2010 5 5 1.5134
2010 5 6 1.4889
2010 5 7 1.4739
2010 5 10 1.498
2010 5 11 1.4952
2010 5 12 1.4855
2010 5 13 1.4659
2010 5 14 1.4557
2010 5 17 1.4388
2010 5 18 1.4439
2010 5 19 1.4349
2010 5 20 1.4344
2010 5 21 1.4466
2010 5 24 1.4437
2010 5 25 1.4352
2010 5 26 1.4401
2010 5 27 1.4569
2010 5 28 1.4492
2010 6 1 1.4673
2010 6 2 1.4641
2010 6 3 1.4616
2010 6 4 1.4493
2010 6 7 1.4498
2010 6 8 1.4422
2010 6 9 1.4585
2010 6 10 1.4674
2010 6 11 1.4545
2010 6 14 1.477
2010 6 15 1.4827
2010 6 16 1.4838
2010 6 17 1.4806
2010 6 18 1.4787
2010 6 21 1.4826
2010 6 22 1.485
2010 6 23 1.4952
2010 6 24 1.4986
2010 6 25 1.4985
2010 6 28 1.5098
2010 6 29 1.5081
2010 6 30 1.4947
2010 7 1 1.5126
2010 7 2 1.5179
2010 7 6 1.518
2010 7 7 1.5179
2010 7 8 1.5157
2010 7 9 1.5095
2010 7 12 1.5016
2010 7 13 1.5175
2010 7 14 1.5284
2010 7 15 1.5376
2010 7 16 1.5289
2010 7 19 1.5222
2010 7 20 1.5255
2010 7 21 1.5201
2010 7 22 1.5283
2010 7 23 1.5425
2010 7 26 1.549
2010 7 27 1.5538
2010 7 28 1.5611
2010 7 29 1.5591
2010 7 30 1.5714
2010 8 2 1.5897
2010 8 3 1.5941
2010 8 4 1.5887
2010 8 5 1.586
2010 8 6 1.5979
2010 8 9 1.5945
2010 8 10 1.5776
2010 8 11 1.5688
2010 8 12 1.5573
2010 8 13 1.558
2010 8 16 1.5679
2010 8 17 1.5586
2010 8 18 1.5619
2010 8 19 1.5612
2010 8 20 1.5515
2010 8 23 1.5532
2010 8 24 1.5471
2010 8 25 1.546
2010 8 26 1.5574
2010 8 27 1.5528
2010 8 30 1.5473
2010 8 31 1.5358
2010 9 1 1.5472
2010 9 2 1.5393
2010 9 3 1.5452
2010 9 7 1.5315
2010 9 8 1.5513
2010 9 9 1.5448
2010 9 10 1.5387
2010 9 13 1.5466
2010 9 14 1.5559
2010 9 15 1.5641
2010 9 16 1.5612
2010 9 17 1.5635
2010 9 20 1.5564
2010 9 21 1.5551
2010 9 22 1.5649
2010 9 23 1.5723
2010 9 24 1.5829
2010 9 27 1.5851
2010 9 28 1.5808
2010 9 29 1.5812
2010 9 30 1.5731
2010 10 1 1.5829
2010 10 4 1.5849
2010 10 5 1.5915
2010 10 6 1.5903
2010 10 7 1.593
2010 10 8 1.5951
2010 10 12 1.5799
2010 10 13 1.5843
2010 10 14 1.5992
2010 10 15 1.6027
2010 10 18 1.5907
2010 10 19 1.5739
2010 10 20 1.5857
2010 10 21 1.5753
2010 10 22 1.5677
2010 10 25 1.5748
2010 10 26 1.5871
2010 10 27 1.5782
2010 10 28 1.5945
2010 10 29 1.602
2010 11 1 1.605
2010 11 2 1.601
2010 11 3 1.608
2010 11 4 1.6282
2010 11 5 1.6211
2010 11 8 1.615
2010 11 9 1.605
2010 11 10 1.6071
2010 11 12 1.6172
2010 11 15 1.6064
2010 11 16 1.5881
2010 11 17 1.5941
2010 11 18 1.601
2010 11 19 1.5961
2010 11 22 1.5932
2010 11 23 1.5824
2010 11 24 1.5774
2010 11 26 1.5616
2010 11 29 1.5557
2010 11 30 1.5578
2010 12 1 1.5603
2010 12 2 1.561
2010 12 3 1.5723
2010 12 6 1.568
2010 12 7 1.5802
2010 12 8 1.5792
2010 12 9 1.5733
2010 12 10 1.5809
2010 12 13 1.5882
2010 12 14 1.5795
2010 12 15 1.5613
2010 12 16 1.5612
2010 12 17 1.548
2010 12 20 1.5521
2010 12 21 1.5462
2010 12 22 1.539
2010 12 23 1.54
2010 12 27 1.5382
2010 12 28 1.5361
2010 12 29 1.5463
2010 12 30 1.5392
2011 1 3 1.549
2011 1 4 1.5586
2011 1 5 1.5497
2011 1 6 1.549
2011 1 7 1.556
2011 1 10 1.5583
2011 1 11 1.5628
2011 1 12 1.5716
2011 1 13 1.587
2011 1 14 1.5874
2011 1 18 1.6
2011 1 19 1.5991
2011 1 20 1.5875
2011 1 21 1.5997
2011 1 24 1.5995
2011 1 25 1.5818
2011 1 26 1.5886
2011 1 27 1.5905
2011 1 28 1.5838
2011 1 31 1.6042
2011 2 1 1.6124
2011 2 2 1.6167
2011 2 3 1.6159
2011 2 4 1.6089
2011 2 7 1.6111
2011 2 8 1.6091
2011 2 9 1.6089
2011 2 10 1.6132
2011 2 11 1.5986
2011 2 14 1.6023
2011 2 15 1.6128
2011 2 16 1.6063
2011 2 17 1.6172
2011 2 18 1.6245
2011 2 22 1.6129
2011 2 23 1.6221
2011 2 24 1.6106
2011 2 25 1.6078
2011 2 28 1.6247
2011 3 1 1.6309
2011 3 2 1.6311
2011 3 3 1.6266
2011 3 4 1.625
2011 3 7 1.6204
2011 3 8 1.6164
2011 3 9 1.6202
2011 3 10 1.6063
2011 3 11 1.6033
2011 3 14 1.6181
2011 3 15 1.6064
2011 3 16 1.6028
2011 3 17 1.6143
2011 3 18 1.6187
2011 3 21 1.6276
2011 3 22 1.6387
2011 3 23 1.6246
2011 3 24 1.6159
2011 3 25 1.6086
2011 3 28 1.6024
2011 3 29 1.5983
2011 3 30 1.6038
2011 3 31 1.6048
2011 4 1 1.6132
2011 4 4 1.6129
2011 4 5 1.6282
2011 4 6 1.6314
2011 4 7 1.6304
2011 4 8 1.6341
2011 4 11 1.6386
2011 4 12 1.6263
2011 4 13 1.6285
2011 4 14 1.635
2011 4 15 1.6325
2011 4 18 1.6229
2011 4 19 1.6315
2011 4 20 1.6405
2011 4 21 1.6572
2011 4 22 1.6517
2011 4 25 1.6497
2011 4 26 1.6465
2011 4 27 1.653
2011 4 28 1.6636
2011 4 29 1.6691
2011 5 2 1.669
2011 5 3 1.6536
2011 5 4 1.6524
2011 5 5 1.6427
2011 5 6 1.6417
2011 5 9 1.6338
2011 5 10 1.6331
2011 5 11 1.6412
2011 5 12 1.629
2011 5 13 1.6179
2011 5 16 1.624
2011 5 17 1.6206
2011 5 18 1.6148
2011 5 19 1.6179
2011 5 20 1.6222
2011 5 23 1.6102
2011 5 24 1.6185
2011 5 25 1.6277
2011 5 26 1.6346
2011 5 27 1.6494
2011 5 31 1.6439
2011 6 1 1.6391
2011 6 2 1.6325
2011 6 3 1.6397
2011 6 6 1.6362
2011 6 7 1.6444
2011 6 8 1.6381
2011 6 9 1.6382
2011 6 10 1.6254
2011 6 13 1.6308
2011 6 14 1.6388
2011 6 15 1.6218
2011 6 16 1.613
2011 6 17 1.6186
2011 6 20 1.6206
2011 6 21 1.6232
2011 6 22 1.6131
2011 6 23 1.5977
2011 6 24 1.5985
2011 6 27 1.5972
2011 6 28 1.6016
2011 6 29 1.607
2011 6 30 1.6067
2011 7 1 1.607
2011 7 5 1.6085
2011 7 6 1.5998
2011 7 7 1.5967
2011 7 8 1.603
2011 7 11 1.5932
2011 7 12 1.594
2011 7 13 1.6111
2011 7 14 1.6125
2011 7 15 1.6149
2011 7 18 1.6024
2011 7 19 1.6135
2011 7 20 1.6139
2011 7 21 1.6301
2011 7 22 1.6319
2011 7 25 1.6285
2011 7 26 1.6392
2011 7 27 1.6357
2011 7 28 1.6338
2011 7 29 1.6455
2011 8 1 1.6278
2011 8 2 1.6287
2011 8 3 1.6406
2011 8 4 1.6308
2011 8 5 1.6362
2011 8 8 1.6354
2011 8 9 1.6194
2011 8 10 1.6169
2011 8 11 1.6228
2011 8 12 1.6284
2011 8 15 1.6387
2011 8 16 1.6424
2011 8 17 1.6591
2011 8 18 1.6489
2011 8 19 1.6544
2011 8 22 1.6452
2011 8 23 1.6509
2011 8 24 1.6375
2011 8 25 1.6289
2011 8 26 1.6321
2011 8 29 1.6398
2011 8 30 1.6279
2011 8 31 1.6269
2011 9 1 1.6179
2011 9 2 1.619
2011 9 6 1.5954
2011 9 7 1.5948
2011 9 8 1.6021
2011 9 9 1.587
2011 9 12 1.5814
2011 9 13 1.5805
2011 9 14 1.5773
2011 9 15 1.5808
2011 9 16 1.5802
2011 9 19 1.5674
2011 9 20 1.5718
2011 9 21 1.5619
2011 9 22 1.5358
2011 9 23 1.5475
2011 9 26 1.5553
2011 9 27 1.5681
2011 9 28 1.5648
2011 9 29 1.5685
2011 9 30 1.5624
2011 10 3 1.5474
2011 10 4 1.5403
2011 10 5 1.5436
2011 10 6 1.5398
2011 10 7 1.5628
2011 10 11 1.5594
2011 10 12 1.5757
2011 10 13 1.5729
2011 10 14 1.5808
2011 10 17 1.5778
2011 10 18 1.5654
2011 10 19 1.5799
2011 10 20 1.5726
2011 10 21 1.5945
2011 10 24 1.5986
2011 10 25 1.5994
2011 10 26 1.5905
2011 10 27 1.6081
2011 10 28 1.613
2011 10 31 1.6141
2011 11 1 1.5946
2011 11 2 1.5974
2011 11 3 1.5959
2011 11 4 1.6026
2011 11 7 1.6024
2011 11 8 1.6076
2011 11 9 1.5958
2011 11 10 1.5935
2011 11 14 1.5899
2011 11 15 1.5818
2011 11 16 1.577
2011 11 17 1.5801
2011 11 18 1.5783
2011 11 21 1.5662
2011 11 22 1.5646
2011 11 23 1.5511
2011 11 25 1.5467
2011 11 28 1.5538
2011 11 29 1.5625
2011 11 30 1.5705
2011 12 1 1.5698
2011 12 2 1.5592
2011 12 5 1.5689
2011 12 6 1.558
2011 12 7 1.5691
2011 12 8 1.5635
2011 12 9 1.5642
2011 12 12 1.5597
2011 12 13 1.5528
2011 12 14 1.5445
2011 12 15 1.5486
2011 12 16 1.5514
2011 12 19 1.5531
2011 12 20 1.5674
2011 12 21 1.568
2011 12 22 1.5667
2011 12 23 1.5615
2011 12 27 1.5671
2011 12 28 1.5478
2011 12 29 1.5386
2011 12 30 1.5537
2012 1 3 1.5655
2012 1 4 1.5638
2012 1 5 1.548
2012 1 6 1.5431
2012 1 9 1.5436
2012 1 10 1.5489
2012 1 11 1.5325
2012 1 12 1.5325
2012 1 13 1.5301
2012 1 17 1.5356
2012 1 18 1.541
2012 1 19 1.5484
2012 1 20 1.554
2012 1 23 1.5582
2012 1 24 1.5595
2012 1 25 1.557
2012 1 26 1.5706
2012 1 27 1.5716
2012 1 30 1.569
2012 1 31 1.5754
2012 2 1 1.5849
2012 2 2 1.5813
2012 2 3 1.5779
2012 2 6 1.5832
2012 2 7 1.5891
2012 2 8 1.582
2012 2 9 1.5838
2012 2 10 1.5748
2012 2 13 1.578
2012 2 14 1.5691
2012 2 15 1.571
2012 2 16 1.5795
2012 2 17 1.5813
2012 2 21 1.5796
2012 2 22 1.5677
2012 2 23 1.57
2012 2 24 1.5869
2012 2 27 1.5845
2012 2 28 1.5887
2012 2 29 1.5951
2012 3 1 1.5953
2012 3 2 1.5852
2012 3 5 1.587
2012 3 6 1.572
2012 3 7 1.5746
2012 3 8 1.5822
2012 3 9 1.5677
2012 3 12 1.5615
2012 3 13 1.5736
2012 3 14 1.5686
2012 3 15 1.5669
2012 3 16 1.5845
2012 3 19 1.5894
2012 3 20 1.5857
2012 3 21 1.5848
2012 3 22 1.5807
2012 3 23 1.5864
2012 3 26 1.5939
2012 3 27 1.5972
2012 3 28 1.5855
2012 3 29 1.5911
2012 3 30 1.5985
2012 4 2 1.6022
2012 4 3 1.5966
2012 4 4 1.5879
2012 4 5 1.5822
2012 4 6 1.5877
2012 4 9 1.5879
2012 4 10 1.5836
2012 4 11 1.5892
2012 4 12 1.5939
2012 4 13 1.5851
2012 4 16 1.5865
2012 4 17 1.5931
2012 4 18 1.602
2012 4 19 1.6058
2012 4 20 1.6123
2012 4 23 1.6102
2012 4 24 1.6135
2012 4 25 1.6146
2012 4 26 1.6188
2012 4 27 1.6239
2012 4 30 1.6225
2012 5 1 1.6221
2012 5 2 1.6193
2012 5 3 1.6185
2012 5 4 1.6148
2012 5 7 1.6192
2012 5 8 1.6159
2012 5 9 1.613
2012 5 10 1.6161
2012 5 11 1.608
2012 5 14 1.6116
2012 5 15 1.6025
2012 5 16 1.5933
2012 5 17 1.5823
2012 5 18 1.5788
2012 5 21 1.579
2012 5 22 1.5775
2012 5 23 1.5691
2012 5 24 1.5698
2012 5 25 1.5648
2012 5 29 1.563
2012 5 30 1.5532
2012 5 31 1.5405
2012 6 1 1.5383
2012 6 4 1.5382
2012 6 5 1.5355
2012 6 6 1.5475
2012 6 7 1.5557
2012 6 8 1.5433
2012 6 11 1.5515
2012 6 12 1.5562
2012 6 13 1.5557
2012 6 14 1.5533
2012 6 15 1.5654
2012 6 18 1.5665
2012 6 19 1.5732
2012 6 20 1.575
2012 6 21 1.5633
2012 6 22 1.5582
2012 6 25 1.5555
2012 6 26 1.562
2012 6 27 1.5549
2012 6 28 1.5503
2012 6 29 1.5686
2012 7 2 1.5679
2012 7 3 1.5702
2012 7 5 1.5531
2012 7 6 1.548
2012 7 9 1.5507
2012 7 10 1.5506
2012 7 11 1.5532
2012 7 12 1.5425
2012 7 13 1.555
2012 7 16 1.5635
2012 7 17 1.5613
2012 7 18 1.5636
2012 7 19 1.5719
2012 7 20 1.563
2012 7 23 1.5512
2012 7 24 1.5521
2012 7 25 1.5479
2012 7 26 1.5683
2012 7 27 1.5728
2012 7 30 1.5694
2012 7 31 1.5686
2012 8 1 1.5596
2012 8 2 1.55
2012 8 3 1.565
2012 8 6 1.5625
2012 8 7 1.5658
2012 8 8 1.5659
2012 8 9 1.5623
2012 8 10 1.5679
2012 8 13 1.569
2012 8 14 1.5692
2012 8 15 1.5686
2012 8 16 1.5738
2012 8 17 1.5697
2012 8 20 1.5707
2012 8 21 1.5788
2012 8 22 1.58
2012 8 23 1.5882
2012 8 24 1.5815
2012 8 27 1.58
2012 8 28 1.5828
2012 8 29 1.5839
2012 8 30 1.5794
2012 8 31 1.5864
2012 9 4 1.5889
2012 9 5 1.5907
2012 9 6 1.5922
2012 9 7 1.6016
2012 9 10 1.6009
2012 9 11 1.6071
2012 9 12 1.6111
2012 9 13 1.6125
2012 9 14 1.6244
2012 9 17 1.6263
2012 9 18 1.6251
2012 9 19 1.6219
2012 9 20 1.6198
2012 9 21 1.6251
2012 9 24 1.6199
2012 9 25 1.6232
2012 9 26 1.6145
2012 9 27 1.6217
2012 9 28 1.6132
2012 10 1 1.6142
2012 10 2 1.6186
2012 10 3 1.6077
2012 10 4 1.6165
2012 10 5 1.6196
2012 10 9 1.5987
2012 10 10 1.6007
2012 10 11 1.6028
2012 10 12 1.6075
2012 10 15 1.6069
2012 10 16 1.6101
2012 10 17 1.6165
2012 10 18 1.6141
2012 10 19 1.6003
2012 10 22 1.6028
2012 10 23 1.5932
2012 10 24 1.6015
2012 10 25 1.6119
2012 10 26 1.6098
2012 10 29 1.6025
2012 10 30 1.6083
2012 10 31 1.6111
2012 11 1 1.6142
2012 11 2 1.6036
2012 11 5 1.5977
2012 11 6 1.5985
2012 11 7 1.5975
2012 11 8 1.5979
2012 11 9 1.5912
2012 11 13 1.5885
2012 11 14 1.5849
2012 11 15 1.5865
2012 11 16 1.5866
2012 11 19 1.5908
2012 11 20 1.5927
2012 11 21 1.5936
2012 11 23 1.6032
2012 11 26 1.6014
2012 11 27 1.6028
2012 11 28 1.5997
2012 11 29 1.6026
2012 11 30 1.6027
2012 12 3 1.6104
2012 12 4 1.6097
2012 12 5 1.6102
2012 12 6 1.6066
2012 12 7 1.6031
2012 12 10 1.6068
2012 12 11 1.6103
2012 12 12 1.6132
2012 12 13 1.613
2012 12 14 1.6139
2012 12 17 1.6203
2012 12 18 1.6256
2012 12 19 1.6275
2012 12 20 1.6268
2012 12 21 1.6167
2012 12 24 1.6113
2012 12 26 1.6118
2012 12 27 1.6106
2012 12 28 1.6157
2012 12 31 1.6262
2013 1 2 1.6255
2013 1 3 1.6151
2013 1 4 1.6036
2013 1 7 1.608
2013 1 8 1.604
2013 1 9 1.6024
2013 1 10 1.6125
2013 1 11 1.6128
2013 1 14 1.6077
2013 1 15 1.6089
2013 1 16 1.6009
2013 1 17 1.5991
2013 1 18 1.5876
2013 1 22 1.5862
2013 1 23 1.5848
2013 1 24 1.5789
2013 1 25 1.5799
2013 1 28 1.5686
2013 1 29 1.5751
2013 1 30 1.5793
2013 1 31 1.5856
2013 2 1 1.5744
2013 2 4 1.5737
2013 2 5 1.5652
2013 2 6 1.5655
2013 2 7 1.5712
2013 2 8 1.5814
2013 2 11 1.5668
2013 2 12 1.5654
2013 2 13 1.5544
2013 2 14 1.5502
2013 2 15 1.5518
2013 2 19 1.5432
2013 2 20 1.5301
2013 2 21 1.5263
2013 2 22 1.5256
2013 2 25 1.5112
2013 2 26 1.5125
2013 2 27 1.5134
2013 2 28 1.5192
2013 3 1 1.5033
2013 3 4 1.5084
2013 3 5 1.5098
2013 3 6 1.5036
2013 3 7 1.5032
2013 3 8 1.4926
2013 3 11 1.4898
2013 3 12 1.4877
2013 3 13 1.4925
2013 3 14 1.5039
2013 3 15 1.5124
2013 3 18 1.5113
2013 3 19 1.5118
2013 3 20 1.5133
2013 3 21 1.518
2013 3 22 1.5239
2013 3 25 1.5184
2013 3 26 1.5156
2013 3 27 1.5112
2013 3 28 1.5184
2013 3 29 1.5193
2013 4 1 1.5232
2013 4 2 1.5113
2013 4 3 1.514
2013 4 4 1.5198
2013 4 5 1.5336
2013 4 8 1.5257
2013 4 9 1.5317
2013 4 10 1.5315
2013 4 11 1.5403
2013 4 12 1.5373
2013 4 15 1.532
2013 4 16 1.5316
2013 4 17 1.5255
2013 4 18 1.5282
2013 4 19 1.5254
2013 4 22 1.5262
2013 4 23 1.5267
2013 4 24 1.5258
2013 4 25 1.5434
2013 4 26 1.5479
2013 4 29 1.5497
2013 4 30 1.5539
2013 5 1 1.5578
2013 5 2 1.5519
2013 5 3 1.5563
2013 5 6 1.5538
2013 5 7 1.5468
2013 5 8 1.5563
2013 5 9 1.5502
2013 5 10 1.5334
2013 5 13 1.5291
2013 5 14 1.5258
2013 5 15 1.5198
2013 5 16 1.5302
2013 5 17 1.5173
2013 5 20 1.5223
2013 5 21 1.517
2013 5 22 1.5038
2013 5 23 1.512
2013 5 24 1.5126
2013 5 28 1.5061
2013 5 29 1.5121
2013 5 30 1.5207
2013 5 31 1.5185
2013 6 3 1.5349
2013 6 4 1.5304
2013 6 5 1.5392
2013 6 6 1.5601
2013 6 7 1.5558
2013 6 10 1.5556
2013 6 11 1.5587
2013 6 12 1.5697
2013 6 13 1.5698
2013 6 14 1.5686
2013 6 17 1.5709
2013 6 18 1.5625
2013 6 19 1.5657
2013 6 20 1.5469
2013 6 21 1.5373
2013 6 24 1.5404
2013 6 25 1.5418
2013 6 26 1.5332
2013 6 27 1.5235
2013 6 28 1.521
2013 7 1 1.5247
2013 7 2 1.5171
2013 7 3 1.5264
2013 7 5 1.491
2013 7 8 1.4932
2013 7 9 1.4837
2013 7 10 1.4935
2013 7 11 1.5127
2013 7 12 1.5108
2013 7 15 1.5088
2013 7 16 1.5122
2013 7 17 1.5184
2013 7 18 1.5193
2013 7 19 1.526
2013 7 22 1.5366
2013 7 23 1.5354
2013 7 24 1.5367
2013 7 25 1.5333
2013 7 26 1.5368
2013 7 29 1.5355
2013 7 30 1.5244
2013 7 31 1.5177
2013 8 1 1.5145
2013 8 2 1.5277
2013 8 5 1.5347
2013 8 6 1.5367
2013 8 7 1.5514
2013 8 8 1.5555
2013 8 9 1.5507
2013 8 12 1.5475
2013 8 13 1.5451
2013 8 14 1.5531
2013 8 15 1.5573
2013 8 16 1.5621
2013 8 19 1.5665
2013 8 20 1.5678
2013 8 21 1.5678
2013 8 22 1.558
2013 8 23 1.5578
2013 8 26 1.5568
2013 8 27 1.5528
2013 8 28 1.552
2013 8 29 1.5488
2013 8 30 1.5468
2013 9 3 1.5544
2013 9 4 1.5643
2013 9 5 1.5593
2013 9 6 1.5633
2013 9 9 1.5724
2013 9 10 1.5731
2013 9 11 1.5807
2013 9 12 1.5819
2013 9 13 1.5861
2013 9 16 1.5927
2013 9 17 1.5901
2013 9 18 1.5965
2013 9 19 1.6043
2013 9 20 1.6021
2013 9 23 1.6066
2013 9 24 1.6006
2013 9 25 1.608
2013 9 26 1.6012
2013 9 27 1.6135
2013 9 30 1.6179
2013 10 1 1.6208
2013 10 2 1.6224
2013 10 3 1.6169
2013 10 4 1.6069
2013 10 7 1.6082
2013 10 8 1.6089
2013 10 9 1.5943
2013 10 10 1.5975
2013 10 11 1.5945
2013 10 15 1.5974
2013 10 16 1.5904
2013 10 17 1.6166
2013 10 18 1.6184
2013 10 21 1.6149
2013 10 22 1.6221
2013 10 23 1.6171
2013 10 24 1.6186
2013 10 25 1.6158
2013 10 28 1.6131
2013 10 29 1.6059
2013 10 30 1.6078
2013 10 31 1.6068
2013 11 1 1.5922
2013 11 4 1.595
2013 11 5 1.6044
2013 11 6 1.608
2013 11 7 1.6069
2013 11 8 1.5995
2013 11 12 1.5916
2013 11 13 1.6033
2013 11 14 1.6077
2013 11 15 1.6107
2013 11 18 1.611
2013 11 19 1.611
2013 11 20 1.615
2013 11 21 1.6155
2013 11 22 1.6211
2013 11 25 1.6146
2013 11 26 1.6187
2013 11 27 1.6267
2013 11 29 1.6373
2013 12 2 1.6365
2013 12 3 1.6416
2013 12 4 1.6352
2013 12 5 1.6328
2013 12 6 1.6327
2013 12 9 1.6403
2013 12 10 1.6424
2013 12 11 1.6389
2013 12 12 1.6326
2013 12 13 1.6294
2013 12 16 1.6311
2013 12 17 1.6254
2013 12 18 1.6388
2013 12 19 1.6382
2013 12 20 1.6355
2013 12 23 1.6356
2013 12 24 1.6371
2013 12 26 1.6425
2013 12 27 1.6491
2013 12 30 1.6522
2013 12 31 1.6574
2014 1 2 1.6441
2014 1 3 1.6424
2014 1 6 1.6412
2014 1 7 1.6421
2014 1 8 1.6461
2014 1 9 1.6459
2014 1 10 1.647
2014 1 13 1.6379
2014 1 14 1.645
2014 1 15 1.6375
2014 1 16 1.6335
2014 1 17 1.6429
2014 1 21 1.6469
2014 1 22 1.6571
2014 1 23 1.6612
2014 1 24 1.6491
2014 1 27 1.6588
2014 1 28 1.6581
2014 1 29 1.6561
2014 1 30 1.6487
2014 1 31 1.645
2014 2 3 1.6307
2014 2 4 1.63
2014 2 5 1.6308
2014 2 6 1.6345
2014 2 7 1.6395
2014 2 10 1.6419
2014 2 11 1.6468
2014 2 12 1.6578
2014 2 13 1.6643
2014 2 14 1.6736
2014 2 18 1.6696
2014 2 19 1.6718
2014 2 20 1.664
2014 2 21 1.663
2014 2 24 1.6641
2014 2 25 1.6696
2014 2 26 1.6648
2014 2 27 1.6693
2014 2 28 1.675
2014 3 3 1.6712
2014 3 4 1.6665
2014 3 5 1.6729
2014 3 6 1.6743
2014 3 7 1.6725
2014 3 10 1.6633
2014 3 11 1.6628
2014 3 12 1.6605
2014 3 13 1.6677
2014 3 14 1.663
2014 3 17 1.6645
2014 3 18 1.6574
2014 3 19 1.6629
2014 3 20 1.6511
2014 3 21 1.6498
2014 3 24 1.6491
2014 3 25 1.6507
2014 3 26 1.6566
2014 3 27 1.6627
2014 3 28 1.6637
2014 3 31 1.6675
2014 4 1 1.6639
2014 4 2 1.6634
2014 4 3 1.6583
2014 4 4 1.6594
2014 4 7 1.6616
2014 4 8 1.6743
2014 4 9 1.6751
2014 4 10 1.6781
2014 4 11 1.6736
2014 4 14 1.6741
2014 4 15 1.6725
2014 4 16 1.6794
2014 4 17 1.6809
2014 4 18 1.6792
2014 4 21 1.6792
2014 4 22 1.6833
2014 4 23 1.6768
2014 4 24 1.6797
2014 4 25 1.681
2014 4 28 1.6812
2014 4 29 1.6829
2014 4 30 1.6883
2014 5 1 1.69
2014 5 2 1.6865
2014 5 5 1.687
2014 5 6 1.6976
2014 5 7 1.6964
2014 5 8 1.6944
2014 5 9 1.6849
2014 5 12 1.6871
2014 5 13 1.6838
2014 5 14 1.6784
2014 5 15 1.6791
2014 5 16 1.6827
2014 5 19 1.6822
2014 5 20 1.6847
2014 5 21 1.6869
2014 5 22 1.6859
2014 5 23 1.6822
2014 5 27 1.68
2014 5 28 1.6709
2014 5 29 1.6719
2014 5 30 1.6764
2014 6 2 1.6756
2014 6 3 1.6753
2014 6 4 1.6747
2014 6 5 1.6796
2014 6 6 1.6794
2014 6 9 1.6798
2014 6 10 1.6753
2014 6 11 1.6795
2014 6 12 1.6853
2014 6 13 1.6953
2014 6 16 1.6988
2014 6 17 1.6965
2014 6 18 1.6951
2014 6 19 1.7046
2014 6 20 1.7014
2014 6 23 1.701
2014 6 24 1.6971
2014 6 25 1.6986
2014 6 26 1.7018
2014 6 27 1.7016
2014 6 30 1.7105
2014 7 1 1.7147
2014 7 2 1.7165
2014 7 3 1.7152
2014 7 7 1.7128
2014 7 8 1.7127
2014 7 9 1.713
2014 7 10 1.7122
2014 7 11 1.7108
2014 7 14 1.7079
2014 7 15 1.7149
2014 7 16 1.7131
2014 7 17 1.7104
2014 7 18 1.7069
2014 7 21 1.7067
2014 7 22 1.7058
2014 7 23 1.7036
2014 7 24 1.6981
2014 7 25 1.6972
2014 7 28 1.6991
2014 7 29 1.6939
2014 7 30 1.6903
2014 7 31 1.6889
2014 8 1 1.6832
2014 8 4 1.6841
2014 8 5 1.6874
2014 8 6 1.6833
2014 8 7 1.6849
2014 8 8 1.6778
2014 8 11 1.6787
2014 8 12 1.6806
2014 8 13 1.6696
2014 8 14 1.6694
2014 8 15 1.6686
2014 8 18 1.672
2014 8 19 1.662
2014 8 20 1.6633
2014 8 21 1.6589
2014 8 22 1.6574
2014 8 25 1.6585
2014 8 26 1.657
2014 8 27 1.6573
2014 8 28 1.6579
2014 8 29 1.6585
2014 9 2 1.6502
2014 9 3 1.6451
2014 9 4 1.6349
2014 9 5 1.6312
2014 9 8 1.6141
2014 9 9 1.6088
2014 9 10 1.6134
2014 9 11 1.6225
2014 9 12 1.6243
2014 9 15 1.6243
2014 9 16 1.629
2014 9 17 1.6329
2014 9 18 1.6372
2014 9 19 1.6314
2014 9 22 1.634
2014 9 23 1.637
2014 9 24 1.6344
2014 9 25 1.6313
2014 9 26 1.6254
2014 9 29 1.6262
2014 9 30 1.622
2014 10 1 1.6216
2014 10 2 1.614
2014 10 3 1.5962
2014 10 6 1.6029
2014 10 7 1.6072
2014 10 8 1.6068
2014 10 9 1.6123
2014 10 10 1.6049
2014 10 14 1.593
2014 10 15 1.5959
2014 10 16 1.6065
2014 10 17 1.6086
2014 10 20 1.6137
2014 10 21 1.6134
2014 10 22 1.607
2014 10 23 1.6037
2014 10 24 1.6098
2014 10 27 1.6133
2014 10 28 1.6157
2014 10 29 1.6149
2014 10 30 1.6023
2014 10 31 1.5999
2014 11 3 1.5986
2014 11 4 1.5991
2014 11 5 1.5984
2014 11 6 1.5862
2014 11 7 1.5844
2014 11 10 1.5857
2014 11 12 1.5815
2014 11 13 1.5717
2014 11 14 1.5657
2014 11 17 1.5645
2014 11 18 1.5648
2014 11 19 1.567
2014 11 20 1.5683
2014 11 21 1.5672
2014 11 24 1.5701
2014 11 25 1.5714
2014 11 26 1.5787
2014 11 28 1.5638
2014 12 1 1.5743
2014 12 2 1.5651
2014 12 3 1.57
2014 12 4 1.5707
2014 12 5 1.56
2014 12 8 1.5625
2014 12 9 1.5694
2014 12 10 1.5689
2014 12 11 1.5712
2014 12 12 1.5728
2014 12 15 1.5663
2014 12 16 1.5736
2014 12 17 1.5652
2014 12 18 1.5662
2014 12 19 1.5609
2014 12 22 1.5618
2014 12 23 1.5517
2014 12 24 1.5549
2014 12 29 1.5524
2014 12 30 1.5573
2014 12 31 1.5578
2015 1 2 1.5361
2015 1 5 1.5234
2015 1 6 1.5174
2015 1 7 1.5073
2015 1 8 1.5118
2015 1 9 1.5151
2015 1 12 1.5168
2015 1 13 1.5166
2015 1 14 1.5234
2015 1 15 1.5161
2015 1 16 1.5132
2015 1 20 1.5162
2015 1 21 1.5118
2015 1 22 1.5052
2015 1 23 1.5022
2015 1 26 1.5088
2015 1 27 1.5196
2015 1 28 1.5165
2015 1 29 1.5043
2015 1 30 1.5026
2015 2 2 1.5027
2015 2 3 1.5129
2015 2 4 1.5209
2015 2 5 1.5293
2015 2 6 1.5247
2015 2 9 1.5217
2015 2 10 1.5252
2015 2 11 1.5232
2015 2 12 1.538
2015 2 13 1.5394
2015 2 17 1.5349
2015 2 18 1.543
2015 2 19 1.5451
2015 2 20 1.5385
2015 2 23 1.5465
2015 2 24 1.5434
2015 2 25 1.5499
2015 2 26 1.5424
2015 2 27 1.5439
2015 3 2 1.5371
2015 3 3 1.5391
2015 3 4 1.5266
2015 3 5 1.5229
2015 3 6 1.5063
2015 3 9 1.5097
2015 3 10 1.5086
2015 3 11 1.4945
2015 3 12 1.4907
2015 3 13 1.4755
2015 3 16 1.48
2015 3 17 1.4744
2015 3 18 1.4686
2015 3 19 1.4729
2015 3 20 1.4923
