  PERMNO        date            mcd        vwretd        ewretd        sprtrn
   43449    19660831      -0.203390     -0.075388     -0.100714     -0.077751
   43449    19660930      -0.106383     -0.006958     -0.018161     -0.007004
   43449    19661031      -0.047619      0.042294     -0.014385      0.047544
   43449    19661130       0.018750      0.017516      0.040725      0.003117
   43449    19661230       0.386503      0.006210      0.017306     -0.001492
   43449    19670131       0.212389      0.085530      0.172104      0.078178
   43449    19670228       0.109489      0.010945      0.042368      0.001963
   43449    19670331       0.154211      0.043384      0.058244      0.039410
   43449    19670428       0.148256      0.041609      0.041928      0.042239
   43449    19670531      -0.010127     -0.039293     -0.008098     -0.052441
   43449    19670630       0.120205      0.026903      0.081958      0.017512
   43449    19670731       0.166667      0.049189      0.083251      0.045344
   43449    19670831      -0.076321     -0.006282      0.006312     -0.011715
   43449    19670929       0.110169      0.034286      0.062963      0.032785
   43449    19671031       0.122137     -0.027433     -0.020594     -0.029056
   43449    19671130       0.044218      0.007902      0.000878      0.001065
   43449    19671229       0.123778      0.033699      0.080465      0.026277
   43449    19680131      -0.095652     -0.036330      0.023902     -0.043848
   43449    19680229      -0.064103     -0.033624     -0.056118     -0.031223
   43449    19680329       0.113014      0.005116     -0.011218      0.009400
   43449    19680430       0.270769      0.094148      0.143031      0.081929
   43449    19680531       0.116223      0.027041      0.091309      0.011169
   43449    19680628      -0.056399      0.011527      0.016225      0.009120
   43449    19680730      -0.011494     -0.022024     -0.026210     -0.018478
   43449    19680830       0.004651      0.018038      0.035918      0.011459
   43449    19680930       0.115741      0.044454      0.068808      0.038539
   43449    19681031      -0.022822      0.009041      0.006913      0.007208
   43449    19681129       0.016985      0.058502      0.071994      0.047964
   43449    19681231       0.077244     -0.033873      0.005896     -0.041617
   43449    19690131      -0.044574     -0.006711     -0.001688     -0.008184
   43449    19690228      -0.099391     -0.053640     -0.085728     -0.047374
   43449    19690328       0.060811      0.030506      0.020290      0.034444
   43449    19690430       0.099788      0.020526      0.003459      0.021476
   43449    19690529       0.052124      0.005040      0.006262     -0.002218
   43449    19690630      -0.104587     -0.067387     -0.113404     -0.055577
   43449    19690731      -0.057377     -0.065172     -0.095823     -0.060178
   43449    19690829       0.169565      0.051490      0.052175      0.040074
   43449    19690930       0.033457     -0.022590     -0.024618     -0.025024
   43449    19691031       0.147482      0.055638      0.092413      0.044244
   43449    19691128       0.078370     -0.032164     -0.055078     -0.035274
   43449    19691231      -0.008721     -0.019681     -0.066178     -0.018655
   43449    19700130      -0.114370     -0.073254     -0.038830     -0.076472
   43449    19700227       0.195364      0.056706      0.040195      0.052693
   43449    19700331      -0.102493     -0.004729     -0.023712      0.001453
   43449    19700430      -0.098765     -0.105318     -0.161963     -0.090483
   43449    19700529      -0.109589     -0.064346     -0.090524     -0.060967
   43449    19700630       0.026923     -0.051075     -0.073904     -0.050033
   43449    19700731       0.086142      0.074169      0.059258      0.073295
   43449    19700831      -0.020690      0.050036      0.061617      0.044459
   43449    19700930       0.211268      0.047536      0.126098      0.032998
   43449    19701030      -0.008721     -0.018208     -0.058604     -0.011400
   43449    19701130       0.017595      0.050448      0.003021      0.047447
   43449    19701231       0.069164      0.060723      0.081324      0.056766
   43449    19710129       0.099730      0.052030      0.136096      0.040477
   43449    19710226       0.088235      0.016913      0.047910      0.009074
   43449    19710331       0.234234      0.044778      0.056603      0.036796
   43449    19710430       0.094891      0.033332      0.027087      0.036288
   43449    19710528       0.053333     -0.036409     -0.049435     -0.041558
   43449    19710630       0.134494      0.003119     -0.017240      0.000703
   43449    19710730      -0.096234     -0.040283     -0.053634     -0.041324
   43449    19710831       0.087963      0.042511      0.041159      0.036095
   43449    19710930       0.051064     -0.005016     -0.004653     -0.006968
   43449    19711029       0.008097     -0.040682     -0.057468     -0.041794
   43449    19711130       0.076305     -0.001262     -0.034150     -0.002547
   43449    19711231       0.130597      0.091257      0.117128      0.086179
   43449    19720131       0.089109      0.028383      0.103892      0.018121
   43449    19720229       0.093939      0.031349      0.041809      0.025303
   43449    19720330       0.072022      0.008722     -0.000951      0.005912
   43449    19720428       0.098191      0.005505      0.001231      0.004384
   43449    19720531       0.103529      0.016375     -0.018121      0.017275
   43449    19720630       0.010661     -0.020896     -0.033775     -0.021821
   43449    19720731      -0.025316     -0.004254     -0.029488      0.002333
   43449    19720831      -0.002165      0.035966      0.012252      0.034454
   43449    19720929      -0.023861     -0.007671     -0.030725     -0.004861
   43449    19721031       0.135556      0.008676     -0.013767      0.009317
   43449    19721130       0.031311      0.049764      0.051096      0.045617
   43449    19721229       0.157495      0.011243     -0.019873      0.011828
   43449    19730131      -0.054098     -0.027455     -0.026133     -0.017111
   43449    19730228      -0.110919     -0.044368     -0.072836     -0.037490
   43449    19730330       0.038986     -0.007851     -0.028981     -0.001433
   43449    19730430      -0.108818     -0.051759     -0.070620     -0.040800
   43449    19730531       0.069474     -0.024503     -0.083582     -0.018884
   43449    19730629      -0.100394     -0.008647     -0.037745     -0.006575
   43449    19730731       0.133479      0.056954      0.105922      0.037982
   43449    19730831       0.011583     -0.029648     -0.044417     -0.036685
   43449    19730928       0.072519      0.053937      0.072995      0.040096
   43449    19731031       0.000000     -0.000427      0.000303     -0.001291
   43449    19731130      -0.282918     -0.120703     -0.175252     -0.113861
   43449    19731231       0.131514      0.011425     -0.041764      0.016569
   43449    19740131      -0.048246      0.004408      0.132374     -0.010046
   43449    19740228      -0.048387      0.002352      0.008623     -0.003624
   43449    19740329       0.019370     -0.023365      0.008379     -0.023280
   43449    19740430       0.016627     -0.045957     -0.055537     -0.039051
   43449    19740531       0.018692     -0.041982     -0.072545     -0.033551
   43449    19740628      -0.121560     -0.022942     -0.033483     -0.014665
   43449    19740731      -0.206266     -0.070879     -0.051915     -0.077791
   43449    19740830      -0.078947     -0.087756     -0.085788     -0.090279
   43449    19740930      -0.296429     -0.109718     -0.079025     -0.119335
   43449    19741031       0.431472      0.165585      0.088877      0.163047
   43449    19741129      -0.039007     -0.041047     -0.051395     -0.053180
   43449    19741231      -0.132841     -0.027005     -0.080744     -0.020151
   43449    19750131       0.165957      0.141600      0.299260      0.122812
   43449    19750228       0.189781      0.058411      0.053918      0.059886
   43449    19750331       0.070552      0.030191      0.081497      0.021694
   43449    19750430       0.243553      0.046497      0.031093      0.047265
   43449    19750530      -0.004608      0.055140      0.072876      0.044101
   43449    19750630       0.055556      0.051473      0.071792      0.044323
   43449    19750731      -0.149123     -0.060385     -0.008960     -0.067654
   43449    19750829      -0.028351     -0.023557     -0.048118     -0.021070
   43449    19750930      -0.013263     -0.038010     -0.038867     -0.034645
   43449    19751031       0.131720      0.055857      0.014720      0.061643
   43449    19751128       0.102138      0.031223      0.016796      0.024708
   43449    19751231       0.006466     -0.010998     -0.000599     -0.011508
   43449    19760130       0.066381      0.126011      0.190037      0.118306
   43449    19760227       0.008032      0.007314      0.106291     -0.011402
   43449    19760331       0.019920      0.026799      0.018109      0.030689
   43449    19760430      -0.035156     -0.010389     -0.003810     -0.010995
   43449    19760528      -0.096761     -0.009369     -0.019680     -0.014364
   43449    19760630       0.049327      0.044487      0.026510      0.040926
   43449    19760730      -0.029487     -0.006157      0.002236     -0.008055
   43449    19760831      -0.039648     -0.001435     -0.016673     -0.005124
   43449    19760930       0.011468      0.024484      0.016990      0.022641
   43449    19761029      -0.035828     -0.020373     -0.022586     -0.022235
   43449    19761130       0.035294      0.005364      0.026686     -0.007775
   43449    19761231      -0.029545      0.061591      0.102410      0.052498
   43449    19770131      -0.142857     -0.036337      0.036903     -0.050530
   43449    19770228      -0.021311     -0.015760      0.004400     -0.021660
   43449    19770331      -0.111732     -0.009246      0.010654     -0.014025
   43449    19770429       0.003145      0.004952      0.016931      0.000203
   43449    19770531       0.010658     -0.010785      0.002870     -0.023568
   43449    19770630       0.142857      0.051367      0.051503      0.045360
   43449    19770729       0.020109     -0.012810      0.012362     -0.016222
   43449    19770831       0.061333     -0.013352     -0.001233     -0.021042
   43449    19770930       0.005025      0.001574      0.014968     -0.002480
   43449    19771031      -0.054000     -0.039280     -0.023190     -0.043406
   43449    19771130       0.079365      0.045432      0.070872      0.026966
   43449    19771230       0.009804      0.008218      0.021081      0.002847
   43449    19780131      -0.116505     -0.055202     -0.011152     -0.061514
   43449    19780228      -0.018132     -0.009275      0.026008     -0.024762
   43449    19780331       0.025210      0.034013      0.067839      0.024931
   43449    19780428       0.112022      0.082841      0.079317      0.085416
   43449    19780531       0.058280      0.023238      0.067620      0.004234
   43449    19780630      -0.020930     -0.010751      0.010292     -0.017585
   43449    19780731       0.044466      0.056749      0.052394      0.053910
   43449    19780831       0.015945      0.042352      0.093545      0.025924
   43449    19780929      -0.085202     -0.006891      0.006200     -0.007261
   43449    19781031      -0.069314     -0.110997     -0.177280     -0.091574
   43449    19781130      -0.007916      0.033792      0.038205      0.016640
   43449    19781229      -0.015957      0.017710      0.014346      0.014889
   43449    19790131      -0.037838      0.049489      0.093661      0.039746
   43449    19790228      -0.096292     -0.026766     -0.016269     -0.036526
   43449    19790330       0.046729      0.065618      0.084167      0.055152
   43449    19790430       0.053571      0.008522      0.028814      0.001673
   43449    19790531       0.020113     -0.013576     -0.006845     -0.026336
   43449    19790629       0.011111      0.046850      0.054663      0.038656
   43449    19790731       0.058022      0.014991      0.021366      0.008746
   43449    19790831       0.075521      0.064728      0.075616      0.053078
   43449    19790928      -0.046005      0.001428     -0.001172      0.000000
   43449    19791031      -0.108832     -0.072660     -0.097915     -0.068606
   43449    19791130      -0.025714      0.063603      0.065295      0.042624
   43449    19791231       0.017595      0.028212      0.067485      0.016767
   43449    19800131      -0.005764      0.065607      0.105129      0.057625
   43449    19800229      -0.066319      0.001015     -0.006301     -0.004380
   43449    19800331       0.034268     -0.120224     -0.165043     -0.101795
   43449    19800430       0.027108      0.052288      0.053461      0.041140
   43449    19800530       0.099707      0.060090      0.071249      0.046571
   43449    19800630       0.033600      0.037714      0.046176      0.026969
   43449    19800731      -0.026943      0.069438      0.089279      0.065039
   43449    19800829       0.024064      0.023553      0.063984      0.005835
   43449    19800930       0.002611      0.029498      0.052459      0.025168
   43449    19801031      -0.073958      0.020093      0.047525      0.016021
   43449    19801128       0.036723      0.104951      0.069205      0.102377
   43449    19801231       0.062670     -0.034409     -0.032416     -0.033874
   43449    19810130       0.097436     -0.040085      0.005615     -0.045742
   43449    19810227       0.115888      0.015521      0.002150      0.013277
   43449    19810331       0.054622      0.046184      0.072674      0.036033
   43449    19810430       0.027888     -0.011268      0.027885     -0.023456
   43449    19810529       0.050388      0.013551      0.027187     -0.001657
   43449    19810630      -0.040741     -0.010242     -0.013194     -0.010408
   43449    19810731      -0.052124     -0.003080     -0.019980     -0.002210
   43449    19810831      -0.061350     -0.056279     -0.071906     -0.062099
   43449    19810930       0.080610     -0.063772     -0.090061     -0.053832
   43449    19811030       0.133065      0.060162      0.069728      0.049148
   43449    19811130      -0.035714      0.045849      0.021667      0.036590
   43449    19811231      -0.031481     -0.028096     -0.019694     -0.030075
   43449    19820129      -0.026769     -0.026209     -0.017347     -0.017544
   43449    19820226      -0.058939     -0.051126     -0.047987     -0.060548
   43449    19820331       0.129979     -0.010099     -0.012064     -0.010167
   43449    19820430      -0.005566      0.043267      0.052242      0.040014
   43449    19820528      -0.016045     -0.028212     -0.022490     -0.039162
   43449    19820630       0.091429     -0.023912     -0.036699     -0.020290
   43449    19820730       0.026876     -0.020526     -0.014776     -0.022991
   43449    19820831       0.117747      0.119013      0.063285      0.115977
   43449    19820930      -0.010687      0.016761      0.033164      0.007614
   43449    19821029       0.117500      0.118636      0.128447      0.110364
   43449    19821130       0.008316      0.051935      0.092037      0.036123
   43449    19821231      -0.004124      0.014516      0.023447      0.015158
   43449    19830131      -0.019130      0.041850      0.117062      0.033134
   43449    19830228       0.120763      0.030219      0.047266      0.018995
   43449    19830331       0.039698      0.034673      0.050515      0.033095
   43449    19830429       0.010909      0.074188      0.080687      0.074922
   43449    19830531      -0.089928      0.013226      0.091740     -0.012346
   43449    19830630       0.039683      0.037838      0.046341      0.035224
   43449    19830729      -0.057252     -0.031567     -0.017556     -0.033014
   43449    19830831      -0.018293      0.003463     -0.032920      0.011319
   43449    19830930       0.070393      0.016059      0.000051      0.010158
   43449    19831031       0.079304     -0.028049     -0.059273     -0.015174
   43449    19831130       0.019784      0.029556      0.031713      0.017426
   43449    19831230      -0.005291     -0.010464     -0.019672     -0.008834
   43449    19840131      -0.042553     -0.013023      0.005424     -0.009216
   43449    19840229      -0.044610     -0.039073     -0.050767     -0.038859
   43449    19840330       0.068093      0.013389      0.007449      0.013498
   43449    19840430      -0.020036      0.002534     -0.020524      0.005466
   43449    19840531      -0.064461     -0.052342     -0.051570     -0.059356
   43449    19840629       0.095808      0.023385      0.011996      0.017469
   43449    19840731       0.051585     -0.020621     -0.050303     -0.016451
   43449    19840831       0.059130      0.112689      0.088817      0.106332
   43449    19840928      -0.007389      0.000404     -0.000377     -0.003480
   43449    19841031       0.046253     -0.000074     -0.023756     -0.000060
   43449    19841130      -0.019048     -0.010685     -0.031506     -0.015112
   43449    19841231       0.002427      0.023656      0.002732      0.022374
   43449    19850131       0.110508      0.085718      0.121475      0.074085
   43449    19850228       0.054705      0.016896      0.046034      0.008685
   43449    19850329      -0.016598     -0.001747     -0.003581     -0.002925
   43449    19850430       0.025316     -0.002186     -0.009652     -0.004594
   43449    19850531       0.102469      0.055775      0.022221      0.054051
   43449    19850628       0.026217      0.017091      0.002103      0.012134
   43449    19850731      -0.036861     -0.000251      0.021382     -0.004848
   43449    19850830      -0.017110     -0.004795     -0.002214     -0.011995
   43449    19850930       0.003868     -0.039825     -0.056859     -0.034724
   43449    19851031       0.032370      0.044441      0.017652      0.042509
   43449    19851129       0.119850      0.069228      0.052563      0.065062
   43449    19851231       0.081940      0.043061      0.028021      0.045061
   43449    19860131      -0.009583      0.009829      0.044071      0.002367
   43449    19860228       0.118936      0.072500      0.060381      0.071489
   43449    19860331       0.078322      0.053885      0.047192      0.052794
   43449    19860430       0.032425     -0.007900      0.016144     -0.014148
   43449    19860530       0.033894      0.050844      0.036194      0.050229
   43449    19860630       0.068819      0.014246      0.008087      0.014110
   43449    19860731      -0.122530     -0.059700     -0.073128     -0.058683
   43449    19860829      -0.017578      0.066181      0.023269      0.071193
   43449    19860930      -0.099404     -0.079021     -0.059071     -0.085439
   43449    19861031       0.115497      0.049303      0.023777      0.054729
   43449    19861128       0.005952      0.015093     -0.006263      0.021477
   43449    19861231      -0.039448     -0.026388     -0.034609     -0.028288
   43449    19870130       0.148501      0.128496      0.117565      0.131767
   43449    19870227       0.093190      0.047918      0.074612      0.036924
   43449    19870331       0.039344      0.023664      0.036283      0.026390
   43449    19870430       0.009464     -0.017001     -0.017709     -0.011450
   43449    19870529      -0.013281      0.005125      0.000573      0.006034
   43449    19870630       0.009524      0.043662      0.021487      0.047915
   43449    19870731       0.049528      0.044248      0.035123      0.048224
   43449    19870831       0.049550      0.037146      0.014544      0.034959
   43449    19870930      -0.072961     -0.020774     -0.015876     -0.024166
   43449    19871030      -0.155093     -0.225363     -0.272248     -0.217630
   43449    19871130      -0.093407     -0.072273     -0.050850     -0.085349
   43449    19871231       0.066667      0.070327      0.026065      0.072861
   43449    19880129       0.031250      0.044880      0.077392      0.040432
   43449    19880229       0.049724      0.051695      0.060265      0.041817
   43449    19880331      -0.084211     -0.016598      0.035690     -0.033343
   43449    19880429      -0.008621      0.010991      0.014016      0.009425
   43449    19880531       0.023536      0.000448     -0.017671      0.003176
   43449    19880630       0.048295      0.051460      0.047677      0.043256
   43449    19880729      -0.024390     -0.007272      0.000289     -0.005411
   43449    19880831      -0.030222     -0.028006     -0.025001     -0.038600
   43449    19880930       0.091954      0.037202      0.016951      0.039729
   43449    19881031       0.002632      0.017637     -0.011485      0.025964
   43449    19881130      -0.015433     -0.016412     -0.036484     -0.018891
   43449    19881230       0.029887      0.021075      0.018872      0.014688
   43449    19890131       0.080519      0.066103      0.062124      0.071115
   43449    19890228      -0.026154     -0.016446      0.002988     -0.028944
   43449    19890331       0.017327      0.021465      0.018060      0.020806
   43449    19890428       0.070560      0.048204      0.029089      0.050090
   43449    19890531       0.086909      0.039338      0.025054      0.035138
   43449    19890630      -0.018868     -0.004866     -0.007744     -0.007925
   43449    19890731       0.064103      0.077131      0.031017      0.088370
   43449    19890831      -0.069799      0.022127      0.018626      0.015517
   43449    19890929       0.030303     -0.001474      0.005532     -0.006544
   43449    19891031       0.042017     -0.029281     -0.049934     -0.025175
   43449    19891130       0.062984      0.017815     -0.005800      0.016541
   43449    19891229       0.049430      0.018295     -0.012375      0.021417
   43449    19900131      -0.054348     -0.070115     -0.046408     -0.068817
   43449    19900228      -0.032107      0.014901      0.015434      0.008539
   43449    19900330       0.007937      0.024140      0.021315      0.024255
   43449    19900430      -0.047244     -0.028286     -0.028117     -0.026887
   43449    19900531       0.147438      0.088936      0.045675      0.091989
   43449    19900629       0.025271     -0.004196      0.005359     -0.008886
   43449    19900731      -0.116197     -0.009405     -0.025732     -0.005223
   43449    19900831      -0.108845     -0.091896     -0.108911     -0.094314
   43449    19900928      -0.067265     -0.053843     -0.080468     -0.051184
   43449    19901031      -0.028846     -0.012504     -0.057155     -0.006698
   43449    19901130       0.117228      0.065744      0.035468      0.059934
   43449    19901231       0.035556      0.029513     -0.004526      0.024828
   43449    19910131      -0.021459      0.049078      0.084175      0.041518
   43449    19910228       0.109649      0.075847      0.133898      0.067281
   43449    19910328       0.101502      0.028923      0.078293      0.022203
   43449    19910430      -0.035971      0.003322      0.031962      0.000346
   43449    19910531       0.047537      0.040732      0.031385      0.038577
   43449    19910628      -0.060714     -0.044029     -0.031773     -0.047893
   43449    19910731      -0.003802      0.046795      0.034202      0.044859
   43449    19910830      -0.000992      0.026819      0.027507      0.019649
   43449    19910930       0.072797     -0.010975      0.008130     -0.019144
   43449    19911031      -0.007143      0.017789      0.024639      0.011860
   43449    19911129      -0.029712     -0.037275     -0.023735     -0.043928
   43449    19911231       0.130112      0.106778      0.035353      0.111588
   43449    19920131       0.144737     -0.001182      0.149970     -0.019900
   43449    19920228      -0.066839      0.013354      0.052124      0.009565
   43449    19920331      -0.015432     -0.023700     -0.014169     -0.021832
   43449    19920430       0.112853      0.013419     -0.033262      0.027893
   43449    19920529       0.058592      0.006439      0.005678      0.000964
   43449    19920630      -0.018667     -0.019287     -0.039215     -0.017359
   43449    19920731      -0.046196      0.039900      0.027617      0.039374
   43449    19920831      -0.029060     -0.020820     -0.023900     -0.023998
   43449    19920930       0.044118      0.012447      0.011050      0.009106
   43449    19921030       0.033803      0.010986      0.016224      0.002106
   43449    19921130       0.070300      0.040193      0.066686      0.030262
   43449    19921231      -0.005102      0.017768      0.035677      0.010108
   43449    19930129      -0.002564      0.012643      0.067612      0.007046
   43449    19930226       0.043188      0.005402     -0.007198      0.010484
   43449    19930331       0.044444      0.025116      0.031465      0.018697
   43449    19930430      -0.089835     -0.025400     -0.011112     -0.025417
   43449    19930528       0.033766      0.029598      0.038740      0.022717
   43449    19930630      -0.010402      0.005440      0.013419      0.000755
   43449    19930730       0.048346     -0.000795      0.013719     -0.005327
   43449    19930831       0.045777      0.039479      0.039698      0.034432
   43449    19930930      -0.034884      0.000641      0.025507     -0.009988
   43449    19931029       0.110843      0.018064      0.040518      0.019393
   43449    19931130       0.019219     -0.017606     -0.024467     -0.012911
   43449    19931231      -0.027719      0.019513      0.016190      0.010091
   43449    19940131       0.065789      0.031466      0.049166      0.032501
   43449    19940228      -0.000288     -0.024224     -0.009952     -0.030045
   43449    19940331      -0.061856     -0.045795     -0.045962     -0.045746
   43449    19940429       0.054945      0.009478     -0.011728      0.011531
   43449    19940531       0.033333      0.009360     -0.000831      0.012419
   43449    19940630      -0.066613     -0.027909     -0.028182     -0.026812
   43449    19940729      -0.060606      0.030633      0.015778      0.031467
   43449    19940831       0.043687      0.042597      0.036756      0.037643
   43449    19940930      -0.066372     -0.018363      0.004865     -0.026898
   43449    19941031       0.094787      0.014520     -0.003305      0.020834
   43449    19941130      -0.015238     -0.037219     -0.040741     -0.039505
   43449    19941230       0.030837      0.012609     -0.013424      0.012299
   43449    19950131       0.115385      0.020399      0.027860      0.024278
   43449    19950228       0.020996      0.039615      0.028369      0.036074
   43449    19950331       0.026316      0.027041      0.019518      0.027329
   43449    19950428       0.025641      0.025048      0.026976      0.027960
   43449    19950531       0.084071      0.034007      0.020270      0.036312
   43449    19950630       0.033003      0.031173      0.049917      0.021279
   43449    19950731      -0.012780      0.040783      0.054708      0.031776
   43449    19950831      -0.053269      0.009305      0.032043     -0.000320
   43449    19950929       0.047945      0.036362      0.026400      0.040098
   43449    19951031       0.071895     -0.011317     -0.041473     -0.004979
   43449    19951130       0.090061      0.042708      0.016659      0.041049
   43449    19951229       0.011204      0.015190      0.008928      0.017444
   43449    19960131       0.113573      0.028144      0.034657      0.032617
   43449    19960229      -0.003632      0.016310      0.032305      0.006934
   43449    19960329      -0.040000      0.010927      0.024086      0.007917
   43449    19960430      -0.002604      0.025511      0.058049      0.013431
   43449    19960531       0.006789      0.026800      0.062615      0.022853
   43449    19960628      -0.028571     -0.008298     -0.032167      0.002257
   43449    19960731      -0.008021     -0.053819     -0.079602     -0.045748
   43449    19960830       0.001617      0.032463      0.045634      0.018814
   43449    19960930       0.021563      0.053035      0.028753      0.054173
   43449    19961031      -0.060686      0.013739     -0.020842      0.026131
   43449    19961129       0.052247      0.065569      0.024696      0.073376
   43449    19961231      -0.029412     -0.011388     -0.002604     -0.021505
   43449    19970131       0.002755      0.053473      0.063831      0.061317
   43449    19970228      -0.047802     -0.001122     -0.010299      0.005928
   43449    19970331       0.092486     -0.044868     -0.049224     -0.042614
   43449    19970430       0.132275      0.042373     -0.021596      0.058406
   43449    19970530      -0.059206      0.071624      0.085194      0.058577
   43449    19970630      -0.038557      0.044095      0.043145      0.043453
   43449    19970731       0.112549      0.076514      0.048824      0.078123
   43449    19970829      -0.118233     -0.036290      0.027605     -0.057446
   43449    19970930       0.006605      0.058499      0.081737      0.053154
   43449    19971031      -0.059055     -0.034436     -0.026145     -0.034478
   43449    19971128       0.084128      0.030404     -0.022063      0.044587
   43449    19971231      -0.015464      0.017817     -0.023875      0.015732
   43449    19980130      -0.013089      0.004502      0.015367      0.010150
   43449    19980227       0.159576      0.073303      0.060451      0.070449
   43449    19980331       0.099656      0.051301      0.046884      0.049946
   43449    19980430       0.031250      0.010903      0.023243      0.009076
   43449    19980529       0.062061     -0.025748     -0.042571     -0.018826
   43449    19980630       0.051429      0.031941     -0.029150      0.039438
   43449    19980731      -0.031703     -0.023367     -0.050546     -0.011615
   43449    19980831      -0.154874     -0.157839     -0.196383     -0.145797
   43449    19980930       0.058758      0.063827      0.043248      0.062396
   43449    19981030       0.123560      0.074393      0.037827      0.080294
   43449    19981130       0.046076      0.062024      0.075912      0.059126
   43449    19981231       0.096343      0.063051      0.018861      0.056375
   43449    19990129       0.026037      0.038456      0.064848      0.041009
   43449    19990226       0.078509     -0.038085     -0.042172     -0.032283
   43449    19990331       0.067324      0.037932     -0.001373      0.038794
   43449    19990430      -0.064828      0.049105      0.083900      0.037944
   43449    19990528      -0.090295     -0.020708      0.025134     -0.024970
   43449    19990630       0.068182      0.050820      0.038391      0.054438
   43449    19990730       0.013678     -0.030716      0.007271     -0.032046
   43449    19990831      -0.006327     -0.009987     -0.030607     -0.006254
   43449    19990930       0.045317     -0.022846     -0.014250     -0.028552
   43449    19991029      -0.046243      0.062147     -0.001351      0.062539
   43449    19991130       0.095127      0.036823      0.091409      0.019062
   43449    19991231      -0.106648      0.083758      0.084830      0.057844
   43449    20000131      -0.072868     -0.039612      0.050610     -0.050904
   43449    20000229      -0.153846      0.031777      0.120436     -0.020108
   43449    20000331       0.181818      0.053500     -0.000429      0.096720
   43449    20000428       0.018395     -0.059530     -0.088504     -0.030796
   43449    20000531      -0.059113     -0.038871     -0.057324     -0.021915
   43449    20000630      -0.080279      0.051597      0.079228      0.023934
   43449    20000731      -0.043643     -0.017712     -0.019354     -0.016341
   43449    20000831      -0.051587      0.075007      0.059257      0.060699
   43449    20000929       0.010460     -0.051145     -0.040102     -0.053483
   43449    20001031       0.026915     -0.024492     -0.066807     -0.004949
   43449    20001130       0.035161     -0.102371     -0.118559     -0.080069
   43449    20001229       0.066667      0.020426     -0.007035      0.004053
   43449    20010131      -0.136765      0.039599      0.225012      0.034637
   43449    20010228       0.001704     -0.099099     -0.074508     -0.092291
   43449    20010330      -0.096939     -0.070390     -0.072696     -0.064205
   43449    20010430       0.035782      0.083831      0.076441      0.076814
   43449    20010531       0.101091      0.010458      0.062201      0.005090
   43449    20010629      -0.106341     -0.017554      0.007720     -0.025004
   43449    20010731       0.076866     -0.018294     -0.028407     -0.010772
   43449    20010831       0.030542     -0.058980     -0.035009     -0.064108
   43449    20010928      -0.096237     -0.091488     -0.127801     -0.081723
   43449    20011031      -0.039425      0.027833      0.078105      0.018099
   43449    20011130       0.038166      0.078780      0.080810      0.075176
   43449    20011231      -0.013785      0.017848      0.057742      0.007574
   43449    20020131       0.026823     -0.015977      0.018178     -0.015574
   43449    20020228      -0.039735     -0.021695     -0.033060     -0.020766
   43449    20020328       0.063218      0.044682      0.074666      0.036739
   43449    20020430       0.023423     -0.049617     -0.003169     -0.061418
   43449    20020531       0.054225     -0.010523     -0.015518     -0.009081
   43449    20020628      -0.049766     -0.070249     -0.067318     -0.072465
   43449    20020731      -0.130053     -0.081152     -0.107499     -0.078995
   43449    20020830      -0.040000      0.007979      0.006337      0.004881
   43449    20020930      -0.256734     -0.099965     -0.084490     -0.110013
   43449    20021031       0.025481      0.074923      0.042773      0.086436
   43449    20021129       0.034511      0.061271      0.117775      0.057070
   43449    20021231      -0.130811     -0.053313     -0.040159     -0.060333
   43449    20030131      -0.114428     -0.023392      0.006068     -0.027415
   43449    20030228      -0.044242     -0.015390     -0.021448     -0.017004
   43449    20030331       0.062454      0.010325      0.009434      0.008358
   43449    20030430       0.182573      0.082762      0.098222      0.081044
   43449    20030530       0.095322      0.063471      0.133177      0.050899
   43449    20030630       0.177790      0.016336      0.049741      0.011322
   43449    20030731       0.043064      0.023112      0.061927      0.016224
   43449    20030829      -0.025641      0.024966      0.047429      0.017873
   43449    20030930       0.049955     -0.009112      0.025239     -0.011944
   43449    20031031       0.062022      0.060319      0.080930      0.054962
   43449    20031128       0.041200      0.016593      0.038147      0.007129
   43449    20031231      -0.031213      0.045489      0.038908      0.050765
   43449    20040130       0.036649      0.023049      0.065763      0.017276
   43449    20040227       0.099456      0.015458      0.013720      0.012209
   43449    20040331       0.009541     -0.010674      0.006293     -0.016359
   43449    20040430      -0.046902     -0.024232     -0.043590     -0.016791
   43449    20040528      -0.030481      0.014068      0.002592      0.012083
   43449    20040630      -0.015152      0.021578      0.022729      0.017989
   43449    20040730       0.057692     -0.037666     -0.051082     -0.034291
   43449    20040831      -0.017455      0.002714     -0.004725      0.002287
   43449    20040930       0.037380      0.020547      0.041594      0.009364
   43449    20041029       0.039957      0.017805      0.020837      0.014014
   43449    20041130       0.073413      0.048207      0.079929      0.038595
   43449    20041231       0.042941      0.035177      0.052920      0.032458
   43449    20050131       0.010293     -0.026552     -0.029278     -0.025290
   43449    20050228       0.021303      0.022681      0.016636      0.018903
   43449    20050331      -0.058646     -0.016948     -0.031835     -0.019118
   43449    20050429      -0.058767     -0.025185     -0.046509     -0.020109
   43449    20050531       0.055612      0.037954      0.043808      0.029952
   43449    20050630      -0.103103      0.011533      0.032153     -0.000143
   43449    20050729       0.123243      0.043325      0.058745      0.035968
   43449    20050831       0.041065     -0.005946     -0.007217     -0.011222
   43449    20050930       0.032049      0.010606      0.010530      0.006949
   43449    20051031      -0.056435     -0.020877     -0.033876     -0.017741
   43449    20051130       0.092405      0.040329      0.034319      0.035186
   43449    20051230      -0.003840      0.003456      0.013484     -0.000952
   43449    20060131       0.038256      0.040033      0.076354      0.025467
   43449    20060228      -0.002856     -0.001640      0.004836      0.000453
   43449    20060331      -0.015755      0.019053      0.036978      0.011065
   43449    20060428       0.006112      0.012964      0.009791      0.012187
   43449    20060531      -0.040498     -0.031045     -0.044331     -0.030917
   43449    20060630       0.012964     -0.000386     -0.008479      0.000087
   43449    20060731       0.053274     -0.001884     -0.022698      0.005086
   43449    20060831       0.014411      0.025048      0.025011      0.021274
   43449    20060929       0.089694      0.019424      0.009006      0.024566
   43449    20061031       0.071575      0.037125      0.046211      0.031508
   43449    20061130       0.025048      0.023705      0.031168      0.016467
   43449    20061229       0.056231      0.010856      0.014800      0.012616
   43449    20070131       0.000451      0.019404      0.022283      0.014059
   43449    20070228      -0.014882     -0.013994      0.002110     -0.021846
   43449    20070330       0.031128      0.012946      0.006545      0.009980
   43449    20070430       0.071698      0.039821      0.027044      0.043291
   43449    20070531       0.047017      0.038932      0.023123      0.032549
   43449    20070629       0.004154     -0.014754     -0.007906     -0.017816
   43449    20070731      -0.056935     -0.031758     -0.043537     -0.031982
   43449    20070831       0.028828      0.011631     -0.011737      0.012864
   43449    20070928       0.105990      0.040849      0.025363      0.035794
   43449    20071031       0.096932      0.025833      0.017406      0.014822
   43449    20071130       0.003684     -0.049220     -0.076608     -0.044043
   43449    20071231       0.007525     -0.004434     -0.010989     -0.008628
   43449    20080131      -0.090477     -0.062147     -0.045082     -0.061163
   43449    20080229       0.016891     -0.021664     -0.021401     -0.034761
   43449    20080331       0.030678     -0.010420     -0.025310     -0.005960
   43449    20080430       0.068316      0.051105      0.031907      0.047547
   43449    20080530      -0.004364      0.023841      0.031786      0.010674
   43449    20080630      -0.045937     -0.078433     -0.086625     -0.085962
   43449    20080731       0.063501     -0.013328     -0.001296     -0.009859
   43449    20080829       0.043235      0.010564      0.013023      0.012191
   43449    20080930      -0.004839     -0.098007     -0.120095     -0.090791
   43449    20081031      -0.061102     -0.184603     -0.205222     -0.169425
   43449    20081128       0.022786     -0.084615     -0.130320     -0.074849
   43449    20081231       0.058553      0.022148      0.042177      0.007822
   43449    20090130      -0.067053     -0.077324     -0.024042     -0.085657
   43449    20090227      -0.090831     -0.100212     -0.107667     -0.109931
   43449    20090331       0.044402      0.086690      0.107470      0.085405
   43449    20090430      -0.023456      0.109359      0.192762      0.093925
   43449    20090529       0.106962      0.067789      0.102330      0.053081
   43449    20090630      -0.016952     -0.003098      0.023921      0.000196
   43449    20090731      -0.042268      0.081719      0.085217      0.074142
   43449    20090831       0.030512      0.031459      0.056864      0.033560
   43449    20090930       0.014758      0.045222      0.071251      0.035723
   43449    20091030       0.026984     -0.027993     -0.050612     -0.019762
   43449    20091130       0.088551      0.057098      0.028444      0.057364
   43449    20091231      -0.012806      0.028419      0.055000      0.017771
   43449    20100129      -0.000160     -0.037096     -0.011388     -0.036974
   43449    20100226       0.031555      0.034775      0.033603      0.028514
   43449    20100331       0.044949      0.063605      0.069271      0.058796
   43449    20100430       0.058004      0.020043      0.057837      0.014759
   43449    20100528      -0.044907     -0.079137     -0.076968     -0.081976
   43449    20100630      -0.014954     -0.050717     -0.056666     -0.053882
   43449    20100730       0.058600      0.070293      0.059958      0.068778
   43449    20100831       0.055643     -0.042813     -0.047592     -0.047449
   43449    20100930       0.019847      0.091517      0.096370      0.087551
   43449    20101029       0.043752      0.038531      0.040681      0.036856
   43449    20101130       0.014659      0.005107      0.010661     -0.002290
   43449    20101231      -0.019668      0.067150      0.068774      0.065300
   43449    20110131      -0.040255      0.019157      0.014412      0.022646
   43449    20110228       0.035564      0.038165      0.037036      0.031957
   43449    20110331       0.005417      0.003366      0.008605     -0.001047
   43449    20110429       0.029176      0.028688      0.019203      0.028495
   43449    20110531       0.049036     -0.014935     -0.018550     -0.013501
   43449    20110630       0.034094     -0.018395     -0.024106     -0.018258
   43449    20110729       0.025617     -0.022469     -0.021813     -0.021474
   43449    20110831       0.052498     -0.057472     -0.075715     -0.056791
   43449    20110930      -0.028647     -0.084873     -0.100921     -0.071762
   43449    20111031       0.057276      0.113982      0.107697      0.107723
   43449    20111130       0.036295     -0.006226     -0.020645     -0.005059
   43449    20111230       0.050356      0.003702     -0.003561      0.008533
   43449    20120131      -0.012758      0.054077      0.085342      0.043583
   43449    20120229       0.009389      0.041186      0.036494      0.040589
   43449    20120330      -0.011886      0.023994      0.017600      0.031332
   43449    20120430      -0.006626     -0.006801     -0.009106     -0.007497
   43449    20120531      -0.076039     -0.065531     -0.068438     -0.062651
   43449    20120629      -0.009066      0.038156      0.034177      0.039555
   43449    20120731       0.009375      0.010266     -0.003281      0.012598
   43449    20120831       0.009288      0.026265      0.024820      0.019763
   43449    20120928       0.025254      0.026539      0.034924      0.024236
   43449    20121031      -0.053951     -0.014101     -0.013487     -0.019789
   43449    20121130       0.011636      0.006193      0.002790      0.002847
   43449    20121231       0.013442      0.012531      0.021872      0.007068
   43449    20130131       0.080263      0.054093      0.063509      0.050428
   43449    20130228       0.014482      0.008331      0.003500      0.011061
   43449    20130328       0.039520      0.035274      0.031412      0.035988
   43449    20130430       0.024576      0.014945      0.002477      0.018086
   43449    20130531      -0.046994      0.019066      0.023973      0.020763
   43449    20130628       0.025163     -0.015039     -0.013013     -0.014999
   43449    20130731      -0.009293      0.052681      0.054898      0.049462
   43449    20130830      -0.030078     -0.025714     -0.017278     -0.031298
   43449    20130930       0.019606      0.037477      0.051828      0.029749
   43449    20131031       0.003222      0.039852      0.025762      0.044596
   43449    20131129       0.017199      0.024947      0.023398      0.028049
   43449    20131231      -0.003492      0.026126      0.025242      0.023563
   43449    20140131      -0.029475     -0.029959     -0.001282     -0.035583
   43449    20140228       0.019008      0.046172      0.044257      0.043117
   43449    20140331       0.030268      0.004469      0.001027      0.006932
   43449    20140430       0.034173      0.001660     -0.022319      0.006201
   43449    20140530       0.008483      0.020218      0.006647      0.021030
   43449    20140630      -0.006803      0.027941      0.039496      0.019058
   43449    20140731      -0.061346     -0.020524     -0.035223     -0.015080
   43449    20140829      -0.000317      0.040171      0.033687      0.037655
   43449    20140930       0.011630     -0.025129     -0.045004     -0.015514
   43449    20141031      -0.011391      0.021178      0.014195      0.023201
   43449    20141128       0.041929      0.021149     -0.002457      0.024534
   43449    20141231      -0.032125     -0.003616     -0.000214     -0.004189
